1 9.0003125000E+00 2 3.2208101432E+00 -1.0205617133E+00
2 9.0009375000E+00 2 3.2212605522E+00 -1.0200388973E+00
3 9.0015625000E+00 2 3.2216967108E+00 -1.0193753721E+00
4 9.0021875000E+00 2 3.2221183661E+00 -1.0185712829E+00
5 9.0028125000E+00 2 3.2225252740E+00 -1.0176267950E+00
6 9.0034375000E+00 2 3.2229171988E+00 -1.0165420934E+00
7 9.0040625000E+00 2 3.2232939135E+00 -1.0153173826E+00
8 9.0046875000E+00 2 3.2236552000E+00 -1.0139528867E+00
9 9.0053125000E+00 2 3.2240008491E+00 -1.0124488491E+00
10 9.0059375000E+00 2 3.2243306607E+00 -1.0108055325E+00
11 9.0065625000E+00 2 3.2246444441E+00 -1.0090232188E+00
12 9.0071875000E+00 2 3.2249420179E+00 -1.0071022091E+00
13 9.0078125000E+00 2 3.2252232100E+00 -1.0050428230E+00
14 9.0084375000E+00 2 3.2254878579E+00 -1.0028453992E+00
15 9.0090625000E+00 2 3.2257358089E+00 -1.0005102951E+00
16 9.0096875000E+00 2 3.2259669198E+00 -9.9803788652E-01
17 9.0103125000E+00 2 3.2261810575E+00 -9.9542856776E-01
18 9.0109375000E+00 2 3.2263780986E+00 -9.9268275141E-01
19 9.0115625000E+00 2 3.2265579296E+00 -9.8980086819E-01
20 9.0121875000E+00 2 3.2267204473E+00 -9.8678336690E-01
21 9.0128125000E+00 2 3.2268655584E+00 -9.8363071418E-01
22 9.0134375000E+00 2 3.2269931796E+00 -9.8034339448E-01
23 9.0140625000E+00 2 3.2271032382E+00 -9.7692190985E-01
24 9.0146875000E+00 2 3.2271956712E+00 -9.7336677984E-01
25 9.0153125000E+00 2 3.2272704263E+00 -9.6967854137E-01
26 9.0159375000E+00 2 3.2273274611E+00 -9.6585774854E-01
27 9.0165625000E+00 2 3.2273667438E+00 -9.6190497258E-01
28 9.0171875000E+00 2 3.2273882527E+00 -9.5782080164E-01
29 9.0178125000E+00 2 3.2273919765E+00 -9.5360584068E-01
30 9.0184375000E+00 2 3.2273779141E+00 -9.4926071133E-01
31 9.0190625000E+00 2 3.2273460747E+00 -9.4478605175E-01
32 9.0196875000E+00 2 3.2272964779E+00 -9.4018251652E-01
33 9.0203125000E+00 2 3.2272291535E+00 -9.3545077644E-01
34 9.0209375000E+00 2 3.2271441414E+00 -9.3059151847E-01
35 9.0215625000E+00 2 3.2270414919E+00 -9.2560544553E-01
36 9.0221875000E+00 2 3.2269212652E+00 -9.2049327642E-01
37 9.0228125000E+00 2 3.2267835319E+00 -9.1525574558E-01
38 9.0234375000E+00 2 3.2266283723E+00 -9.0989360318E-01
39 9.0240625000E+00 2 3.2264558771E+00 -9.0440761469E-01
40 9.0246875000E+00 2 3.2262661465E+00 -8.9879856096E-01
41 9.0253125000E+00 2 3.2260592909E+00 -8.9306723802E-01
42 9.0259375000E+00 2 3.2258354302E+00 -8.8721445695E-01
43 9.0265625000E+00 2 3.2255946943E+00 -8.8124104374E-01
44 9.0271875000E+00 2 3.2253372225E+00 -8.7514783919E-01
45 9.0278125000E+00 2 3.2250631635E+00 -8.6893569876E-01
46 9.0284375000E+00 2 3.2247726758E+00 -8.6260549244E-01
47 9.0290625000E+00 2 3.2244659268E+00 -8.5615810463E-01
48 9.0296875000E+00 2 3.2241430934E+00 -8.4959443403E-01
49 9.0303125000E+00 2 3.2238043614E+00 -8.4291539349E-01
50 9.0309375000E+00 2 3.2234499256E+00 -8.3612190991E-01
51 9.0315625000E+00 2 3.2230799897E+00 -8.2921492410E-01
52 9.0321875000E+00 2 3.2226947661E+00 -8.2219539067E-01
53 9.0328125000E+00 2 3.2222944758E+00 -8.1506427792E-01
54 9.0334375000E+00 2 3.2218793480E+00 -8.0782256768E-01
55 9.0340625000E+00 2 3.2214496206E+00 -8.0047125526E-01
56 9.0346875000E+00 2 3.2210055394E+00 -7.9301134929E-01
57 9.0353125000E+00 2 3.2205473581E+00 -7.8544387158E-01
58 9.0359375000E+00 2 3.2200753384E+00 -7.7776985709E-01
59 9.0365625000E+00 2 3.2195897496E+00 -7.6999035374E-01
60 9.0371875000E+00 2 3.2190908686E+00 -7.6210642231E-01
61 9.0378125000E+00 2 3.2185789795E+00 -7.5411913637E-01
62 9.0384375000E+00 2 3.2180543738E+00 -7.4602958214E-01
63 9.0390625000E+00 2 3.2175173496E+00 -7.3783885838E-01
64 9.0396875000E+00 2 3.2169682122E+00 -7.2954807629E-01
65 9.0403125000E+00 2 3.2164072733E+00 -7.2115835939E-01
66 9.0409375000E+00 2 3.2158348512E+00 -7.1267084343E-01
67 9.0415625000E+00 2 3.2152512703E+00 -7.0408667630E-01
68 9.0421875000E+00 2 3.2146568612E+00 -6.9540701786E-01
69 9.0428125000E+00 2 3.2140519603E+00 -6.8663303991E-01
70 9.0434375000E+00 2 3.2134369096E+00 -6.7776592603E-01
71 9.0440625000E+00 2 3.2128120568E+00 -6.6880687151E-01
72 9.0446875000E+00 2 3.2121777546E+00 -6.5975708324E-01
73 9.0453125000E+00 2 3.2115343609E+00 -6.5061777958E-01
74 9.0459375000E+00 2 3.2108822386E+00 -6.4139019030E-01
75 9.0465625000E+00 2 3.2102217549E+00 -6.3207555645E-01
76 9.0471875000E+00 2 3.2095532817E+00 -6.2267513024E-01
77 9.0478125000E+00 2 3.2088771952E+00 -6.1319017497E-01
78 9.0484375000E+00 2 3.2081938752E+00 -6.0362196492E-01
79 9.0490625000E+00 2 3.2075037058E+00 -5.9397178523E-01
80 9.0496875000E+00 2 3.2068070744E+00 -5.8424093180E-01
81 9.0503125000E+00 2 3.2061043717E+00 -5.7443071121E-01
82 9.0509375000E+00 2 3.2053959918E+00 -5.6454244055E-01
83 9.0515625000E+00 2 3.2046823315E+00 -5.5457744741E-01
84 9.0521875000E+00 2 3.2039637903E+00 -5.4453706969E-01
85 9.0528125000E+00 2 3.2032407703E+00 -5.3442265552E-01
86 9.0534375000E+00 2 3.2025136758E+00 -5.2423556317E-01
87 9.0540625000E+00 2 3.2017829132E+00 -5.1397716091E-01
88 9.0546875000E+00 2 3.2010488904E+00 -5.0364882691E-01
89 9.0553125000E+00 2 3.2003120172E+00 -4.9325194915E-01
90 9.0559375000E+00 2 3.1995727047E+00 -4.8278792528E-01
91 9.0565625000E+00 2 3.1988313650E+00 -4.7225816249E-01
92 9.0571875000E+00 2 3.1980884112E+00 -4.6166407745E-01
93 9.0578125000E+00 2 3.1973442571E+00 -4.5100709613E-01
94 9.0584375000E+00 2 3.1965993167E+00 -4.4028865373E-01
95 9.0590625000E+00 2 3.1958540047E+00 -4.2951019452E-01
96 9.0596875000E+00 2 3.1951087353E+00 -4.1867317175E-01
97 9.0603125000E+00 2 3.1943639229E+00 -4.0777904749E-01
98 9.0609375000E+00 2 3.1936199810E+00 -3.9682929252E-01
99 9.0615625000E+00 2 3.1928773229E+00 -3.8582538624E-01
100 9.0621875000E+00 2 3.1921363607E+00 -3.7476881645E-01
101 9.0628125000E+00 2 3.1913975055E+00 -3.6366107929E-01
102 9.0634375000E+00 2 3.1906611670E+00 -3.5250367910E-01
103 9.0640625000E+00 2 3.1899277535E+00 -3.4129812822E-01
104 9.0646875000E+00 2 3.1891976713E+00 -3.3004594692E-01
105 9.0653125000E+00 2 3.1884713249E+00 -3.1874866323E-01
106 9.0659375000E+00 2 3.1877491165E+00 -3.0740781278E-01
107 9.0665625000E+00 2 3.1870314459E+00 -2.9602493867E-01
108 9.0671875000E+00 2 3.1863187105E+00 -2.8460159130E-01
109 9.0678125000E+00 2 3.1856113044E+00 -2.7313932825E-01
110 9.0684375000E+00 2 3.1849096190E+00 -2.6163971409E-01
111 9.0690625000E+00 2 3.1842140424E+00 -2.5010432023E-01
112 9.0696875000E+00 2 3.1835249592E+00 -2.3853472475E-01
113 9.0703125000E+00 2 3.1828427503E+00 -2.2693251226E-01
114 9.0709375000E+00 2 3.1821677929E+00 -2.1529927370E-01
115 9.0715625000E+00 2 3.1815004599E+00 -2.0363660623E-01
116 9.0721875000E+00 2 3.1808411201E+00 -1.9194611291E-01
117 9.0728125000E+00 2 3.1801901379E+00 -1.8022940272E-01
118 9.0734375000E+00 2 3.1795478729E+00 -1.6848809022E-01
119 9.0740625000E+00 2 3.1789146800E+00 -1.5672379545E-01
120 9.0746875000E+00 2 3.1782909091E+00 -1.4493814371E-01
121 9.0753125000E+00 2 3.1776769047E+00 -1.3313276539E-01
122 9.0759375000E+00 2 3.1770730063E+00 -1.2130929575E-01
123 9.0765625000E+00 2 3.1764795474E+00 -1.0946937474E-01
124 9.0771875000E+00 2 3.1758968560E+00 -9.7614646808E-02
125 9.0778125000E+00 2 3.1753252543E+00 -8.5746760678E-02
126 9.0784375000E+00 2 3.1747650582E+00 -7.3867369154E-02
127 9.0790625000E+00 2 3.1742165776E+00 -6.1978128911E-02
128 9.0796875000E+00 2 3.1736801157E+00 -5.0080700279E-02
129 9.0803125000E+00 2 3.1731559694E+00 -3.8176747029E-02
130 9.0809375000E+00 2 3.1726444287E+00 -2.6267936150E-02
131 9.0815625000E+00 2 3.1721457769E+00 -1.4355937642E-02
132 9.0821875000E+00 2 3.1716602902E+00 -2.4424242660E-03
133 9.0828125000E+00 2 3.1711882376E+00 9.4709286643E-03
134 9.0834375000E+00 2 3.1707298808E+00 2.1382443522E-02
135 9.0840625000E+00 2 3.1702854740E+00 3.3290440599E-02
136 9.0846875000E+00 2 3.1698552641E+00 4.5193238344E-02
137 9.0853125000E+00 2 3.1694394899E+00 5.7089153613E-02
138 9.0859375000E+00 2 3.1690383826E+00 6.8976501866E-02
139 9.0865625000E+00 2 3.1686521654E+00 8.0853597511E-02
140 9.0871875000E+00 2 3.1682810532E+00 9.2718754044E-02
141 9.0878125000E+00 2 3.1679252531E+00 1.0457028435E-01
142 9.0884375000E+00 2 3.1675849636E+00 1.1640650099E-01
143 9.0890625000E+00 2 3.1672603748E+00 1.2822571637E-01
144 9.0896875000E+00 2 3.1669516683E+00 1.4002624312E-01
145 9.0903125000E+00 2 3.1666590171E+00 1.5180639422E-01
146 9.0909375000E+00 2 3.1663825855E+00 1.6356448340E-01
147 9.0915625000E+00 2 3.1661225289E+00 1.7529882528E-01
148 9.0921875000E+00 2 3.1658789938E+00 1.8700773574E-01
149 9.0928125000E+00 2 3.1656521179E+00 1.9868953217E-01
150 9.0934375000E+00 2 3.1654420296E+00 2.1034253366E-01
151 9.0940625000E+00 2 3.1652488483E+00 2.2196506140E-01
152 9.0946875000E+00 2 3.1650726842E+00 2.3355543887E-01
153 9.0953125000E+00 2 3.1649136380E+00 2.4511199218E-01
154 9.0959375000E+00 2 3.1647718014E+00 2.5663305028E-01
155 9.0965625000E+00 2 3.1646472566E+00 2.6811694530E-01
156 9.0971875000E+00 2 3.1645400761E+00 2.7956201284E-01
157 9.0978125000E+00 2 3.1644503234E+00 2.9096659220E-01
158 9.0984375000E+00 2 3.1643780519E+00 3.0232902672E-01
159 9.0990625000E+00 2 3.1643233060E+00 3.1364766407E-01
160 9.0996875000E+00 2 3.1642861200E+00 3.2492085649E-01
1 9.1003125000E+00 2 3.1642665189E+00 3.3614696113E-01
2 9.1009375000E+00 2 3.1642645180E+00 3.4732434034E-01
3 9.1015625000E+00 2 3.1642801227E+00 3.5845136192E-01
4 9.1021875000E+00 2 3.1643133290E+00 3.6952639949E-01
5 9.1028125000E+00 2 3.1643641230E+00 3.8054783270E-01
6 9.1034375000E+00 2 3.1644324813E+00 3.9151404759E-01
7 9.1040625000E+00 2 3.1645183706E+00 4.0242343685E-01
8 9.1046875000E+00 2 3.1646217479E+00 4.1327440016E-01
9 9.1053125000E+00 2 3.1647425608E+00 4.2406534443E-01
10 9.1059375000E+00 2 3.1648807470E+00 4.3479468414E-01
11 9.1065625000E+00 2 3.1650362345E+00 4.4546084161E-01
12 9.1071875000E+00 2 3.1652089418E+00 4.5606224734E-01
13 9.1078125000E+00 2 3.1653987779E+00 4.6659734025E-01
14 9.1084375000E+00 2 3.1656056420E+00 4.7706456801E-01
15 9.1090625000E+00 2 3.1658294240E+00 4.8746238737E-01
16 9.1096875000E+00 2 3.1660700043E+00 4.9778926436E-01
17 9.1103125000E+00 2 3.1663272538E+00 5.0804367469E-01
18 9.1109375000E+00 2 3.1666010340E+00 5.1822410400E-01
19 9.1115625000E+00 2 3.1668911973E+00 5.2832904811E-01
20 9.1121875000E+00 2 3.1671975868E+00 5.3835701342E-01
21 9.1128125000E+00 2 3.1675200363E+00 5.4830651708E-01
22 9.1134375000E+00 2 3.1678583707E+00 5.5817608739E-01
23 9.1140625000E+00 2 3.1682124058E+00 5.6796426400E-01
24 9.1146875000E+00 2 3.1685819485E+00 5.7766959825E-01
25 9.1153125000E+00 2 3.1689667968E+00 5.8729065346E-01
26 9.1159375000E+00 2 3.1693667403E+00 5.9682600517E-01
27 9.1165625000E+00 2 3.1697815596E+00 6.0627424146E-01
28 9.1171875000E+00 2 3.1702110269E+00 6.1563396322E-01
29 9.1178125000E+00 2 3.1706549061E+00 6.2490378443E-01
30 9.1184375000E+00 2 3.1711129527E+00 6.3408233244E-01
31 9.1190625000E+00 2 3.1715849142E+00 6.4316824821E-01
32 9.1196875000E+00 2 3.1720705298E+00 6.5216018664E-01
33 9.1203125000E+00 2 3.1725695311E+00 6.6105681678E-01
34 9.1209375000E+00 2 3.1730816417E+00 6.6985682214E-01
35 9.1215625000E+00 2 3.1736065777E+00 6.7855890093E-01
36 9.1221875000E+00 2 3.1741440476E+00 6.8716176632E-01
37 9.1228125000E+00 2 3.1746937528E+00 6.9566414669E-01
38 9.1234375000E+00 2 3.1752553874E+00 7.0406478591E-01
39 9.1240625000E+00 2 3.1758286384E+00 7.1236244357E-01
40 9.1246875000E+00 2 3.1764131861E+00 7.2055589521E-01
41 9.1253125000E+00 2 3.1770087041E+00 7.2864393261E-01
42 9.1259375000E+00 2 3.1776148594E+00 7.3662536396E-01
43 9.1265625000E+00 2 3.1782313129E+00 7.4449901416E-01
44 9.1271875000E+00 2 3.1788577192E+00 7.5226372502E-01
45 9.1278125000E+00 2 3.1794937269E+00 7.5991835550E-01
46 9.1284375000E+00 2 3.1801389790E+00 7.6746178188E-01
47 9.1290625000E+00 2 3.1807931129E+00 7.7489289807E-01
48 9.1296875000E+00 2 3.1814557606E+00 7.8221061575E-01
49 9.1303125000E+00 2 3.1821265490E+00 7.8941386459E-01
50 9.1309375000E+00 2 3.1828050999E+00 7.9650159248E-01
51 9.1315625000E+00 2 3.1834910307E+00 8.0347276572E-01
52 9.1321875000E+00 2 3.1841839538E+00 8.1032636918E-01
53 9.1328125000E+00 2 3.1848834778E+00 8.1706140654E-01
54 9.1334375000E+00 2 3.1855892069E+00 8.2367690046E-01
55 9.1340625000E+00 2 3.1863007415E+00 8.3017189272E-01
56 9.1346875000E+00 2 3.1870176784E+00 8.3654544444E-01
57 9.1353125000E+00 2 3.1877396111E+00 8.4279663622E-01
58 9.1359375000E+00 2 3.1884661298E+00 8.4892456835E-01
59 9.1365625000E+00 2 3.1891968218E+00 8.5492836087E-01
60 9.1371875000E+00 2 3.1899312718E+00 8.6080715383E-01
61 9.1378125000E+00 2 3.1906690619E+00 8.6656010738E-01
62 9.1384375000E+00 2 3.1914097722E+00 8.7218640189E-01
63 9.1390625000E+00 2 3.1921529807E+00 8.7768523815E-01
64 9.1396875000E+00 2 3.1928982638E+00 8.8305583743E-01
65 9.1403125000E+00 2 3.1936451963E+00 8.8829744165E-01
66 9.1409375000E+00 2 3.1943933520E+00 8.9340931346E-01
67 9.1415625000E+00 2 3.1951423036E+00 8.9839073640E-01
68 9.1421875000E+00 2 3.1958916231E+00 9.0324101494E-01
69 9.1428125000E+00 2 3.1966408821E+00 9.0795947462E-01
70 9.1434375000E+00 2 3.1973896522E+00 9.1254546215E-01
71 9.1440625000E+00 2 3.1981375047E+00 9.1699834547E-01
72 9.1446875000E+00 2 3.1988840115E+00 9.2131751382E-01
73 9.1453125000E+00 2 3.1996287450E+00 9.2550237786E-01
74 9.1459375000E+00 2 3.2003712786E+00 9.2955236969E-01
75 9.1465625000E+00 2 3.2011111866E+00 9.3346694294E-01
76 9.1471875000E+00 2 3.2018480448E+00 9.3724557280E-01
77 9.1478125000E+00 2 3.2025814305E+00 9.4088775611E-01
78 9.1484375000E+00 2 3.2033109230E+00 9.4439301135E-01
79 9.1490625000E+00 2 3.2040361037E+00 9.4776087870E-01
80 9.1496875000E+00 2 3.2047565564E+00 9.5099092011E-01
81 9.1503125000E+00 2 3.2054718677E+00 9.5408271923E-01
82 9.1509375000E+00 2 3.2061816267E+00 9.5703588152E-01
83 9.1515625000E+00 2 3.2068854261E+00 9.5985003422E-01
84 9.1521875000E+00 2 3.2075828618E+00 9.6252482635E-01
85 9.1528125000E+00 2 3.2082735334E+00 9.6505992873E-01
86 9.1534375000E+00 2 3.2089570443E+00 9.6745503395E-01
87 9.1540625000E+00 2 3.2096330021E+00 9.6970985641E-01
88 9.1546875000E+00 2 3.2103010190E+00 9.7182413218E-01
89 9.1553125000E+00 2 3.2109607114E+00 9.7379761915E-01
90 9.1559375000E+00 2 3.2116117010E+00 9.7563009686E-01
91 9.1565625000E+00 2 3.2122536144E+00 9.7732136653E-01
92 9.1571875000E+00 2 3.2128860834E+00 9.7887125104E-01
93 9.1578125000E+00 2 3.2135087456E+00 9.8027959474E-01
94 9.1584375000E+00 2 3.2141212443E+00 9.8154626364E-01
95 9.1590625000E+00 2 3.2147232286E+00 9.8267114515E-01
96 9.1596875000E+00 2 3.2153143540E+00 9.8365414809E-01
97 9.1603125000E+00 2 3.2158942825E+00 9.8449520264E-01
98 9.1609375000E+00 2 3.2164626826E+00 9.8519426026E-01
99 9.1615625000E+00 2 3.2170192296E+00 9.8575129359E-01
100 9.1621875000E+00 2 3.2175636058E+00 9.8616629639E-01
101 9.1628125000E+00 2 3.2180955009E+00 9.8643928345E-01
102 9.1634375000E+00 2 3.2186146120E+00 9.8657029051E-01
103 9.1640625000E+00 2 3.2191206435E+00 9.8655937418E-01
104 9.1646875000E+00 2 3.2196133080E+00 9.8640661172E-01
105 9.1653125000E+00 2 3.2200923256E+00 9.8611210118E-01
106 9.1659375000E+00 2 3.2205574250E+00 9.8567596102E-01
107 9.1665625000E+00 2 3.2210083427E+00 9.8509833024E-01
108 9.1671875000E+00 2 3.2214448239E+00 9.8437936808E-01
109 9.1678125000E+00 2 3.2218666224E+00 9.8351925402E-01
110 9.1684375000E+00 2 3.2222735006E+00 9.8251818761E-01
111 9.1690625000E+00 2 3.2226652298E+00 9.8137638837E-01
112 9.1696875000E+00 2 3.2230415904E+00 9.8009409565E-01
113 9.1703125000E+00 2 3.2234023718E+00 9.7867156849E-01
114 9.1709375000E+00 2 3.2237473728E+00 9.7710908551E-01
115 9.1715625000E+00 2 3.2240764013E+00 9.7540694479E-01
116 9.1721875000E+00 2 3.2243892749E+00 9.7356546369E-01
117 9.1728125000E+00 2 3.2246858207E+00 9.7158497873E-01
118 9.1734375000E+00 2 3.2249658756E+00 9.6946584547E-01
119 9.1740625000E+00 2 3.2252292859E+00 9.6720843834E-01
120 9.1746875000E+00 2 3.2254759080E+00 9.6481315051E-01
121 9.1753125000E+00 2 3.2257056083E+00 9.6228039374E-01
122 9.1759375000E+00 2 3.2259182630E+00 9.5961059823E-01
123 9.1765625000E+00 2 3.2261137584E+00 9.5680421247E-01
124 9.1771875000E+00 2 3.2262919908E+00 9.5386170309E-01
125 9.1778125000E+00 2 3.2264528668E+00 9.5078355474E-01
126 9.1784375000E+00 2 3.2265963031E+00 9.4757026987E-01
127 9.1790625000E+00 2 3.2267222267E+00 9.4422236864E-01
128 9.1796875000E+00 2 3.2268305748E+00 9.4074038874E-01
129 9.1803125000E+00 2 3.2269212949E+00 9.3712488524E-01
130 9.1809375000E+00 2 3.2269943448E+00 9.3337643042E-01
131 9.1815625000E+00 2 3.2270496924E+00 9.2949561365E-01
132 9.1821875000E+00 2 3.2270873163E+00 9.2548304121E-01
133 9.1828125000E+00 2 3.2271072050E+00 9.2133933612E-01
134 9.1834375000E+00 2 3.2271093576E+00 9.1706513803E-01
135 9.1840625000E+00 2 3.2270937832E+00 9.1266110303E-01
136 9.1846875000E+00 2 3.2270605014E+00 9.0812790351E-01
137 9.1853125000E+00 2 3.2270095419E+00 9.0346622798E-01
138 9.1859375000E+00 2 3.2269409445E+00 8.9867678097E-01
139 9.1865625000E+00 2 3.2268547593E+00 8.9376028281E-01
140 9.1871875000E+00 2 3.2267510463E+00 8.8871746956E-01
141 9.1878125000E+00 2 3.2266298758E+00 8.8354909276E-01
142 9.1884375000E+00 2 3.2264913277E+00 8.7825591936E-01
143 9.1890625000E+00 2 3.2263354923E+00 8.7283873153E-01
144 9.1896875000E+00 2 3.2261624692E+00 8.6729832653E-01
145 9.1903125000E+00 2 3.2259723682E+00 8.6163551654E-01
146 9.1909375000E+00 2 3.2257653086E+00 8.5585112855E-01
147 9.1915625000E+00 2 3.2255414191E+00 8.4994600415E-01
148 9.1921875000E+00 2 3.2253008382E+00 8.4392099947E-01
149 9.1928125000E+00 2 3.2250437137E+00 8.3777698499E-01
150 9.1934375000E+00 2 3.2247702025E+00 8.3151484534E-01
151 9.1940625000E+00 2 3.2244804709E+00 8.2513547932E-01
152 9.1946875000E+00 2 3.2241746942E+00 8.1863979958E-01
153 9.1953125000E+00 2 3.2238530566E+00 8.1202873261E-01
154 9.1959375000E+00 2 3.2235157510E+00 8.0530321854E-01
155 9.1965625000E+00 2 3.2231629792E+00 7.9846421101E-01
156 9.1971875000E+00 2 3.2227949514E+00 7.9151267708E-01
157 9.1978125000E+00 2 3.2224118863E+00 7.8444959704E-01
158 9.1984375000E+00 2 3.2220140108E+00 7.7727596432E-01
159 9.1990625000E+00 2 3.2216015599E+00 7.6999278533E-01
160 9.1996875000E+00 2 3.2211747766E+00 7.6260107936E-01
1 9.2003125000E+00 2 3.2207339117E+00 7.5510187844E-01
2 9.2009375000E+00 2 3.2202792237E+00 7.4749622722E-01
3 9.2015625000E+00 2 3.2198109784E+00 7.3978518281E-01
4 9.2021875000E+00 2 3.2193294493E+00 7.3196981474E-01
5 9.2028125000E+00 2 3.2188349165E+00 7.2405120473E-01
6 9.2034375000E+00 2 3.2183276676E+00 7.1603044667E-01
7 9.2040625000E+00 2 3.2178079967E+00 7.0790864643E-01
8 9.2046875000E+00 2 3.2172762046E+00 6.9968692178E-01
9 9.2053125000E+00 2 3.2167325984E+00 6.9136640226E-01
10 9.2059375000E+00 2 3.2161774917E+00 6.8294822906E-01
11 9.2065625000E+00 2 3.2156112040E+00 6.7443355492E-01
12 9.2071875000E+00 2 3.2150340607E+00 6.6582354398E-01
13 9.2078125000E+00 2 3.2144463928E+00 6.5711937173E-01
14 9.2084375000E+00 2 3.2138485369E+00 6.4832222484E-01
15 9.2090625000E+00 2 3.2132408348E+00 6.3943330104E-01
16 9.2096875000E+00 2 3.2126236335E+00 6.3045380909E-01
17 9.2103125000E+00 2 3.2119972846E+00 6.2138496858E-01
18 9.2109375000E+00 2 3.2113621446E+00 6.1222800986E-01
19 9.2115625000E+00 2 3.2107185745E+00 6.0298417393E-01
20 9.2121875000E+00 2 3.2100669394E+00 5.9365471232E-01
21 9.2128125000E+00 2 3.2094076086E+00 5.8424088700E-01
22 9.2134375000E+00 2 3.2087409550E+00 5.7474397022E-01
23 9.2140625000E+00 2 3.2080673555E+00 5.6516524450E-01
24 9.2146875000E+00 2 3.2073871901E+00 5.5550600240E-01
25 9.2153125000E+00 2 3.2067008422E+00 5.4576754651E-01
26 9.2159375000E+00 2 3.2060086980E+00 5.3595118925E-01
27 9.2165625000E+00 2 3.2053111466E+00 5.2605825287E-01
28 9.2171875000E+00 2 3.2046085797E+00 5.1609006925E-01
29 9.2178125000E+00 2 3.2039013912E+00 5.0604797981E-01
30 9.2184375000E+00 2 3.2031899772E+00 4.9593333544E-01
31 9.2190625000E+00 2 3.2024747357E+00 4.8574749632E-01
32 9.2196875000E+00 2 3.2017560665E+00 4.7549183187E-01
33 9.2203125000E+00 2 3.2010343706E+00 4.6516772060E-01
34 9.2209375000E+00 2 3.2003100505E+00 4.5477655002E-01
35 9.2215625000E+00 2 3.1995835097E+00 4.4431971649E-01
36 9.2221875000E+00 2 3.1988551525E+00 4.3379862516E-01
37 9.2228125000E+00 2 3.1981253837E+00 4.2321468977E-01
38 9.2234375000E+00 2 3.1973946086E+00 4.1256933264E-01
39 9.2240625000E+00 2 3.1966632326E+00 4.0186398443E-01
40 9.2246875000E+00 2 3.1959316612E+00 3.9110008413E-01
41 9.2253125000E+00 2 3.1952002994E+00 3.8027907885E-01
42 9.2259375000E+00 2 3.1944695520E+00 3.6940242375E-01
43 9.2265625000E+00 2 3.1937398230E+00 3.5847158189E-01
44 9.2271875000E+00 2 3.1930115154E+00 3.4748802411E-01
45 9.2278125000E+00 2 3.1922850312E+00 3.3645322890E-01
46 9.2284375000E+00 2 3.1915607711E+00 3.2536868226E-01
47 9.2290625000E+00 2 3.1908391342E+00 3.1423587760E-01
48 9.2296875000E+00 2 3.1901205179E+00 3.0305631553E-01
49 9.2303125000E+00 2 3.1894053177E+00 2.9183150383E-01
50 9.2309375000E+00 2 3.1886939270E+00 2.8056295720E-01
51 9.2315625000E+00 2 3.1879867367E+00 2.6925219721E-01
52 9.2321875000E+00 2 3.1872841352E+00 2.5790075210E-01
53 9.2328125000E+00 2 3.1865865083E+00 2.4651015664E-01
54 9.2334375000E+00 2 3.1858942388E+00 2.3508195201E-01
55 9.2340625000E+00 2 3.1852077061E+00 2.2361768563E-01
56 9.2346875000E+00 2 3.1845272867E+00 2.1211891101E-01
57 9.2353125000E+00 2 3.1838533533E+00 2.0058718757E-01
58 9.2359375000E+00 2 3.1831862750E+00 1.8902408052E-01
59 9.2365625000E+00 2 3.1825264169E+00 1.7743116071E-01
60 9.2371875000E+00 2 3.1818741401E+00 1.6581000439E-01
61 9.2378125000E+00 2 3.1812298014E+00 1.5416219312E-01
62 9.2384375000E+00 2 3.1805937532E+00 1.4248931358E-01
63 9.2390625000E+00 2 3.1799663432E+00 1.3079295739E-01
64 9.2396875000E+00 2 3.1793479145E+00 1.1907472094E-01
65 9.2403125000E+00 2 3.1787388049E+00 1.0733620520E-01
66 9.2409375000E+00 2 3.1781393473E+00 9.5579015573E-02
67 9.2415625000E+00 2 3.1775498693E+00 8.3804761683E-02
68 9.2421875000E+00 2 3.1769706929E+00 7.2015057204E-02
69 9.2428125000E+00 2 3.1764021345E+00 6.0211519670E-02
70 9.2434375000E+00 2 3.1758445048E+00 4.8395770282E-02
71 9.2440625000E+00 2 3.1752981085E+00 3.6569433716E-02
72 9.2446875000E+00 2 3.1747632441E+00 2.4734137929E-02
73 9.2453125000E+00 2 3.1742402040E+00 1.2891513960E-02
74 9.2459375000E+00 2 3.1737292741E+00 1.0431957247E-03
75 9.2465625000E+00 2 3.1732307339E+00 -1.0809180182E-02
76 9.2471875000E+00 2 3.1727448560E+00 -2.2663974703E-02
77 9.2478125000E+00 2 3.1722719064E+00 -3.4519546515E-02
78 9.2484375000E+00 2 3.1718121439E+00 -4.6374252251E-02
79 9.2490625000E+00 2 3.1713658204E+00 -5.8226446712E-02
80 9.2496875000E+00 2 3.1709331807E+00 -7.0074483086E-02
81 9.2503125000E+00 2 3.1705144619E+00 -8.1916713167E-02
82 9.2509375000E+00 2 3.1701098940E+00 -9.3751487566E-02
83 9.2515625000E+00 2 3.1697196991E+00 -1.0557715596E-01
84 9.2521875000E+00 2 3.1693440921E+00 -1.1739206731E-01
85 9.2528125000E+00 2 3.1689832795E+00 -1.2919457007E-01
86 9.2534375000E+00 2 3.1686374603E+00 -1.4098301246E-01
87 9.2540625000E+00 2 3.1683068254E+00 -1.5275574266E-01
88 9.2546875000E+00 2 3.1679915576E+00 -1.6451110906E-01
89 9.2553125000E+00 2 3.1676918314E+00 -1.7624746054E-01
90 9.2559375000E+00 2 3.1674078132E+00 -1.8796314663E-01
91 9.2565625000E+00 2 3.1671396608E+00 -1.9965651784E-01
92 9.2571875000E+00 2 3.1668875237E+00 -2.1132592584E-01
93 9.2578125000E+00 2 3.1666515428E+00 -2.2296972374E-01
94 9.2584375000E+00 2 3.1664318503E+00 -2.3458626634E-01
95 9.2590625000E+00 2 3.1662285700E+00 -2.4617391037E-01
96 9.2596875000E+00 2 3.1660418165E+00 -2.5773101475E-01
97 9.2603125000E+00 2 3.1658716959E+00 -2.6925594085E-01
98 9.2609375000E+00 2 3.1657183053E+00 -2.8074705274E-01
99 9.2615625000E+00 2 3.1655817329E+00 -2.9220271744E-01
100 9.2621875000E+00 2 3.1654620579E+00 -3.0362130520E-01
101 9.2628125000E+00 2 3.1653593504E+00 -3.1500118975E-01
102 9.2634375000E+00 2 3.1652736715E+00 -3.2634074857E-01
103 9.2640625000E+00 2 3.1652050731E+00 -3.3763836315E-01
104 9.2646875000E+00 2 3.1651535980E+00 -3.4889241925E-01
105 9.2653125000E+00 2 3.1651192797E+00 -3.6010130719E-01
106 9.2659375000E+00 2 3.1651021427E+00 -3.7126342208E-01
107 9.2665625000E+00 2 3.1651022020E+00 -3.8237716412E-01
108 9.2671875000E+00 2 3.1651194635E+00 -3.9344093888E-01
109 9.2678125000E+00 2 3.1651539238E+00 -4.0445315751E-01
110 9.2684375000E+00 2 3.1652055703E+00 -4.1541223710E-01
111 9.2690625000E+00 2 3.1652743809E+00 -4.2631660088E-01
112 9.2696875000E+00 2 3.1653603244E+00 -4.3716467852E-01
113 9.2703125000E+00 2 3.1654633602E+00 -4.4795490642E-01
114 9.2709375000E+00 2 3.1655834385E+00 -4.5868572794E-01
115 9.2715625000E+00 2 3.1657205003E+00 -4.6935559372E-01
116 9.2721875000E+00 2 3.1658744771E+00 -4.7996296194E-01
117 9.2728125000E+00 2 3.1660452915E+00 -4.9050629857E-01
118 9.2734375000E+00 2 3.1662328566E+00 -5.0098407767E-01
119 9.2740625000E+00 2 3.1664370766E+00 -5.1139478167E-01
120 9.2746875000E+00 2 3.1666578465E+00 -5.2173690162E-01
121 9.2753125000E+00 2 3.1668950520E+00 -5.3200893749E-01
122 9.2759375000E+00 2 3.1671485700E+00 -5.4220939840E-01
123 9.2765625000E+00 2 3.1674182683E+00 -5.5233680296E-01
124 9.2771875000E+00 2 3.1677040058E+00 -5.6238967948E-01
125 9.2778125000E+00 2 3.1680056325E+00 -5.7236656626E-01
126 9.2784375000E+00 2 3.1683229895E+00 -5.8226601190E-01
127 9.2790625000E+00 2 3.1686559092E+00 -5.9208657550E-01
128 9.2796875000E+00 2 3.1690042155E+00 -6.0182682699E-01
129 9.2803125000E+00 2 3.1693677235E+00 -6.1148534735E-01
130 9.2809375000E+00 2 3.1697462397E+00 -6.2106072892E-01
131 9.2815625000E+00 2 3.1701395623E+00 -6.3055157562E-01
132 9.2821875000E+00 2 3.1705474813E+00 -6.3995650327E-01
133 9.2828125000E+00 2 3.1709697782E+00 -6.4927413979E-01
134 9.2834375000E+00 2 3.1714062265E+00 -6.5850312550E-01
135 9.2840625000E+00 2 3.1718565915E+00 -6.6764211335E-01
136 9.2846875000E+00 2 3.1723206309E+00 -6.7668976923E-01
137 9.2853125000E+00 2 3.1727980942E+00 -6.8564477215E-01
138 9.2859375000E+00 2 3.1732887235E+00 -6.9450581455E-01
139 9.2865625000E+00 2 3.1737922532E+00 -7.0327160251E-01
140 9.2871875000E+00 2 3.1743084102E+00 -7.1194085604E-01
141 9.2878125000E+00 2 3.1748369143E+00 -7.2051230927E-01
142 9.2884375000E+00 2 3.1753774779E+00 -7.2898471077E-01
143 9.2890625000E+00 2 3.1759298066E+00 -7.3735682368E-01
144 9.2896875000E+00 2 3.1764935989E+00 -7.4562742607E-01
145 9.2903125000E+00 2 3.1770685467E+00 -7.5379531107E-01
146 9.2909375000E+00 2 3.1776543352E+00 -7.6185928715E-01
147 9.2915625000E+00 2 3.1782506435E+00 -7.6981817836E-01
148 9.2921875000E+00 2 3.1788571441E+00 -7.7767082453E-01
149 9.2928125000E+00 2 3.1794735035E+00 -7.8541608146E-01
150 9.2934375000E+00 2 3.1800993825E+00 -7.9305282122E-01
151 9.2940625000E+00 2 3.1807344359E+00 -8.0057993229E-01
152 9.2946875000E+00 2 3.1813783131E+00 -8.0799631980E-01
153 9.2953125000E+00 2 3.1820306582E+00 -8.1530090572E-01
154 9.2959375000E+00 2 3.1826911098E+00 -8.2249262909E-01
155 9.2965625000E+00 2 3.1833593020E+00 -8.2957044620E-01
156 9.2971875000E+00 2 3.1840348636E+00 -8.3653333078E-01
157 9.2978125000E+00 2 3.1847174193E+00 -8.4338027418E-01
158 9.2984375000E+00 2 3.1854065890E+00 -8.5011028560E-01
159 9.2990625000E+00 2 3.1861019887E+00 -8.5672239222E-01
160 9.2996875000E+00 2 3.1868032304E+00 -8.6321563940E-01
1 9.3003125000E+00 2 3.1875099221E+00 -8.6958909085E-01
2 9.3009375000E+00 2 3.1882216685E+00 -8.7584182880E-01
3 9.3015625000E+00 2 3.1889380710E+00 -8.8197295415E-01
4 9.3021875000E+00 2 3.1896587278E+00 -8.8798158665E-01
5 9.3028125000E+00 2 3.1903832342E+00 -8.9386686501E-01
6 9.3034375000E+00 2 3.1911111830E+00 -8.9962794711E-01
7 9.3040625000E+00 2 3.1918421644E+00 -9.0526401008E-01
8 9.3046875000E+00 2 3.1925757667E+00 -9.1077425047E-01
9 9.3053125000E+00 2 3.1933115759E+00 -9.1615788440E-01
10 9.3059375000E+00 2 3.1940491765E+00 -9.2141414764E-01
11 9.3065625000E+00 2 3.1947881516E+00 -9.2654229576E-01
12 9.3071875000E+00 2 3.1955280829E+00 -9.3154160425E-01
13 9.3078125000E+00 2 3.1962685513E+00 -9.3641136861E-01
14 9.3084375000E+00 2 3.1970091368E+00 -9.4115090446E-01
15 9.3090625000E+00 2 3.1977494189E+00 -9.4575954768E-01
16 9.3096875000E+00 2 3.1984889770E+00 -9.5023665445E-01
17 9.3103125000E+00 2 3.1992273905E+00 -9.5458160134E-01
18 9.3109375000E+00 2 3.1999642388E+00 -9.5879378549E-01
19 9.3115625000E+00 2 3.2006991020E+00 -9.6287262446E-01
20 9.3121875000E+00 2 3.2014315611E+00 -9.6681755666E-01
21 9.3128125000E+00 2 3.2021611978E+00 -9.7062804100E-01
22 9.3134375000E+00 2 3.2028875951E+00 -9.7430355729E-01
23 9.3140625000E+00 2 3.2036103378E+00 -9.7784360608E-01
24 9.3146875000E+00 2 3.2043290120E+00 -9.8124770892E-01
25 9.3153125000E+00 2 3.2050432061E+00 -9.8451540813E-01
26 9.3159375000E+00 2 3.2057525107E+00 -9.8764626705E-01
27 9.3165625000E+00 2 3.2064565189E+00 -9.9063987003E-01
28 9.3171875000E+00 2 3.2071548264E+00 -9.9349582233E-01
29 9.3178125000E+00 2 3.2078470322E+00 -9.9621375043E-01
30 9.3184375000E+00 2 3.2085327383E+00 -9.9879330162E-01
31 9.3190625000E+00 2 3.2092115501E+00 -1.0012341444E+00
32 9.3196875000E+00 2 3.2098830771E+00 -1.0035359684E+00
33 9.3203125000E+00 2 3.2105469323E+00 -1.0056984841E+00
34 9.3209375000E+00 2 3.2112027332E+00 -1.0077214232E+00
35 9.3215625000E+00 2 3.2118501016E+00 -1.0096045384E+00
36 9.3221875000E+00 2 3.2124886642E+00 -1.0113476033E+00
37 9.3228125000E+00 2 3.2131180523E+00 -1.0129504128E+00
38 9.3234375000E+00 2 3.2137379025E+00 -1.0144127825E+00
39 9.3240625000E+00 2 3.2143478567E+00 -1.0157345490E+00
40 9.3246875000E+00 2 3.2149475623E+00 -1.0169155700E+00
41 9.3253125000E+00 2 3.2155366728E+00 -1.0179557237E+00
42 9.3259375000E+00 2 3.2161148473E+00 -1.0188549096E+00
43 9.3265625000E+00 2 3.2166817513E+00 -1.0196130475E+00
44 9.3271875000E+00 2 3.2172370569E+00 -1.0202300781E+00
45 9.3278125000E+00 2 3.2177804425E+00 -1.0207059629E+00
46 9.3284375000E+00 2 3.2183115936E+00 -1.0210406838E+00
47 9.3290625000E+00 2 3.2188302025E+00 -1.0212342433E+00
48 9.3296875000E+00 2 3.2193359690E+00 -1.0212866642E+00
49 9.3303125000E+00 2 3.2198285999E+00 -1.0211979899E+00
50 9.3309375000E+00 2 3.2203078101E+00 -1.0209682839E+00
51 9.3315625000E+00 2 3.2207733217E+00 -1.0205976300E+00
52 9.3321875000E+00 2 3.2212248651E+00 -1.0200861320E+00
53 9.3328125000E+00 2 3.2216621788E+00 -1.0194339138E+00
54 9.3334375000E+00 2 3.2220850092E+00 -1.0186411194E+00
55 9.3340625000E+00 2 3.2224931116E+00 -1.0177079122E+00
56 9.3346875000E+00 2 3.2228862495E+00 -1.0166344757E+00
57 9.3353125000E+00 2 3.2232641952E+00 -1.0154210129E+00
58 9.3359375000E+00 2 3.2236267298E+00 -1.0140677462E+00
59 9.3365625000E+00 2 3.2239736436E+00 -1.0125749175E+00
60 9.3371875000E+00 2 3.2243047356E+00 -1.0109427880E+00
61 9.3378125000E+00 2 3.2246198145E+00 -1.0091716381E+00
62 9.3384375000E+00 2 3.2249186979E+00 -1.0072617672E+00
63 9.3390625000E+00 2 3.2252012131E+00 -1.0052134935E+00
64 9.3396875000E+00 2 3.2254671969E+00 -1.0030271543E+00
65 9.3403125000E+00 2 3.2257164956E+00 -1.0007031053E+00
66 9.3409375000E+00 2 3.2259489654E+00 -9.9824172088E-01
67 9.3415625000E+00 2 3.2261644724E+00 -9.9564339395E-01
68 9.3421875000E+00 2 3.2263628922E+00 -9.9290853557E-01
69 9.3428125000E+00 2 3.2265441108E+00 -9.9003757504E-01
70 9.3434375000E+00 2 3.2267080240E+00 -9.8703095968E-01
71 9.3440625000E+00 2 3.2268545377E+00 -9.8388915473E-01
72 9.3446875000E+00 2 3.2269835679E+00 -9.8061264320E-01
73 9.3453125000E+00 2 3.2270950408E+00 -9.7720192572E-01
74 9.3459375000E+00 2 3.2271888929E+00 -9.7365752046E-01
75 9.3465625000E+00 2 3.2272650709E+00 -9.6997996292E-01
76 9.3471875000E+00 2 3.2273235316E+00 -9.6616980585E-01
77 9.3478125000E+00 2 3.2273642425E+00 -9.6222761911E-01
78 9.3484375000E+00 2 3.2273871808E+00 -9.5815398946E-01
79 9.3490625000E+00 2 3.2273923346E+00 -9.5394952054E-01
80 9.3496875000E+00 2 3.2273797019E+00 -9.4961483264E-01
81 9.3503125000E+00 2 3.2273492911E+00 -9.4515056261E-01
82 9.3509375000E+00 2 3.2273011210E+00 -9.4055736369E-01
83 9.3515625000E+00 2 3.2272352204E+00 -9.3583590541E-01
84 9.3521875000E+00 2 3.2271516286E+00 -9.3098687340E-01
85 9.3528125000E+00 2 3.2270503949E+00 -9.2601096934E-01
86 9.3534375000E+00 2 3.2269315789E+00 -9.2090891072E-01
87 9.3540625000E+00 2 3.2267952502E+00 -9.1568143079E-01
88 9.3546875000E+00 2 3.2266414884E+00 -9.1032927837E-01
89 9.3553125000E+00 2 3.2264703832E+00 -9.0485321776E-01
90 9.3559375000E+00 2 3.2262820343E+00 -8.9925402858E-01
91 9.3565625000E+00 2 3.2260765512E+00 -8.9353250564E-01
92 9.3571875000E+00 2 3.2258540530E+00 -8.8768945880E-01
93 9.3578125000E+00 2 3.2256146687E+00 -8.8172571287E-01
94 9.3584375000E+00 2 3.2253585370E+00 -8.7564210747E-01
95 9.3590625000E+00 2 3.2250858058E+00 -8.6943949686E-01
96 9.3596875000E+00 2 3.2247966328E+00 -8.6311874989E-01
97 9.3603125000E+00 2 3.2244911847E+00 -8.5668074981E-01
98 9.3609375000E+00 2 3.2241696376E+00 -8.5012639415E-01
99 9.3615625000E+00 2 3.2238321767E+00 -8.4345659465E-01
100 9.3621875000E+00 2 3.2234789960E+00 -8.3667227708E-01
101 9.3628125000E+00 2 3.2231102985E+00 -8.2977438112E-01
102 9.3634375000E+00 2 3.2227262959E+00 -8.2276386029E-01
103 9.3640625000E+00 2 3.2223272085E+00 -8.1564168179E-01
104 9.3646875000E+00 2 3.2219132649E+00 -8.0840882638E-01
105 9.3653125000E+00 2 3.2214847023E+00 -8.0106628827E-01
106 9.3659375000E+00 2 3.2210417657E+00 -7.9361507502E-01
107 9.3665625000E+00 2 3.2205847084E+00 -7.8605620742E-01
108 9.3671875000E+00 2 3.2201137914E+00 -7.7839071934E-01
109 9.3678125000E+00 2 3.2196292834E+00 -7.7061965767E-01
110 9.3684375000E+00 2 3.2191314606E+00 -7.6274408217E-01
111 9.3690625000E+00 2 3.2186206066E+00 -7.5476506539E-01
112 9.3696875000E+00 2 3.2180970122E+00 -7.4668369252E-01
113 9.3703125000E+00 2 3.2175609752E+00 -7.3850106133E-01
114 9.3709375000E+00 2 3.2170128002E+00 -7.3021828201E-01
115 9.3715625000E+00 2 3.2164527984E+00 -7.2183647711E-01
116 9.3721875000E+00 2 3.2158812876E+00 -7.1335678139E-01
117 9.3728125000E+00 2 3.2152985917E+00 -7.0478034177E-01
118 9.3734375000E+00 2 3.2147050407E+00 -6.9610831715E-01
119 9.3740625000E+00 2 3.2141009707E+00 -6.8734187838E-01
120 9.3746875000E+00 2 3.2134867233E+00 -6.7848220809E-01
121 9.3753125000E+00 2 3.2128626455E+00 -6.6953050064E-01
122 9.3759375000E+00 2 3.2122290899E+00 -6.6048796198E-01
123 9.3765625000E+00 2 3.2115864138E+00 -6.5135580957E-01
124 9.3771875000E+00 2 3.2109349796E+00 -6.4213527225E-01
125 9.3778125000E+00 2 3.2102751545E+00 -6.3282759016E-01
126 9.3784375000E+00 2 3.2096073098E+00 -6.2343401463E-01
127 9.3790625000E+00 2 3.2089318213E+00 -6.1395580808E-01
128 9.3796875000E+00 2 3.2082490687E+00 -6.0439424390E-01
129 9.3803125000E+00 2 3.2075594357E+00 -5.9475060636E-01
130 9.3809375000E+00 2 3.2068633094E+00 -5.8502619051E-01
131 9.3815625000E+00 2 3.2061610803E+00 -5.7522230205E-01
132 9.3821875000E+00 2 3.2054531422E+00 -5.6534025726E-01
133 9.3828125000E+00 2 3.2047398916E+00 -5.5538138287E-01
134 9.3834375000E+00 2 3.2040217280E+00 -5.4534701596E-01
135 9.3840625000E+00 2 3.2032990532E+00 -5.3523850384E-01
136 9.3846875000E+00 2 3.2025722713E+00 -5.2505720397E-01
137 9.3853125000E+00 2 3.2018417884E+00 -5.1480448382E-01
138 9.3859375000E+00 2 3.2011080126E+00 -5.0448172078E-01
139 9.3865625000E+00 2 3.2003713534E+00 -4.9409030203E-01
140 9.3871875000E+00 2 3.1996322218E+00 -4.8363162444E-01
141 9.3878125000E+00 2 3.1988910298E+00 -4.7310709447E-01
142 9.3884375000E+00 2 3.1981481905E+00 -4.6251812799E-01
143 9.3890625000E+00 2 3.1974041175E+00 -4.5186615027E-01
144 9.3896875000E+00 2 3.1966592251E+00 -4.4115259573E-01
145 9.3903125000E+00 2 3.1959139276E+00 -4.3037890795E-01
146 9.3909375000E+00 2 3.1951686395E+00 -4.1954653943E-01
147 9.3915625000E+00 2 3.1944237750E+00 -4.0865695157E-01
148 9.3921875000E+00 2 3.1936797479E+00 -3.9771161444E-01
149 9.3928125000E+00 2 3.1929369713E+00 -3.8671200674E-01
150 9.3934375000E+00 2 3.1921958576E+00 -3.7565961561E-01
151 9.3940625000E+00 2 3.1914568178E+00 -3.6455593653E-01
152 9.3946875000E+00 2 3.1907202619E+00 -3.5340247317E-01
153 9.3953125000E+00 2 3.1899865982E+00 -3.4220073725E-01
154 9.3959375000E+00 2 3.1892562332E+00 -3.3095224841E-01
155 9.3965625000E+00 2 3.1885295715E+00 -3.1965853404E-01
156 9.3971875000E+00 2 3.1878070156E+00 -3.0832112918E-01
157 9.3978125000E+00 2 3.1870889656E+00 -2.9694157633E-01
158 9.3984375000E+00 2 3.1863758187E+00 -2.8552142531E-01
159 9.3990625000E+00 2 3.1856679696E+00 -2.7406223313E-01
160 9.3996875000E+00 2 3.1849658100E+00 -2.6256556379E-01
1 9.4003125000E+00 2 3.1842697280E+00 -2.5103298817E-01
2 9.4009375000E+00 2 3.1835801086E+00 -2.3946608383E-01
3 9.4015625000E+00 2 3.1828973331E+00 -2.2786643485E-01
4 9.4021875000E+00 2 3.1822217788E+00 -2.1623563167E-01
5 9.4028125000E+00 2 3.1815538192E+00 -2.0457527092E-01
6 9.4034375000E+00 2 3.1808938233E+00 -1.9288695526E-01
7 9.4040625000E+00 2 3.1802421558E+00 -1.8117229315E-01
8 9.4046875000E+00 2 3.1795991768E+00 -1.6943289872E-01
9 9.4053125000E+00 2 3.1789652416E+00 -1.5767039159E-01
10 9.4059375000E+00 2 3.1783407004E+00 -1.4588639664E-01
11 9.4065625000E+00 2 3.1777258982E+00 -1.3408254384E-01
12 9.4071875000E+00 2 3.1771211749E+00 -1.2226046809E-01
13 9.4078125000E+00 2 3.1765268645E+00 -1.1042180895E-01
14 9.4084375000E+00 2 3.1759432955E+00 -9.8568210527E-02
15 9.4090625000E+00 2 3.1753707905E+00 -8.6701321201E-02
16 9.4096875000E+00 2 3.1748096659E+00 -7.4822793459E-02
17 9.4103125000E+00 2 3.1742602321E+00 -6.2934283672E-02
18 9.4109375000E+00 2 3.1737227929E+00 -5.1037451885E-02
19 9.4115625000E+00 2 3.1731976457E+00 -3.9133961599E-02
20 9.4121875000E+00 2 3.1726850810E+00 -2.7225479557E-02
21 9.4128125000E+00 2 3.1721853827E+00 -1.5313675516E-02
22 9.4134375000E+00 2 3.1716988276E+00 -3.4002220348E-03
23 9.4140625000E+00 2 3.1712256852E+00 8.5132057800E-03
24 9.4146875000E+00 2 3.1707662178E+00 2.0424930472E-02
25 9.4153125000E+00 2 3.1703206803E+00 3.2333272495E-02
26 9.4159375000E+00 2 3.1698893201E+00 4.4236550437E-02
27 9.4165625000E+00 2 3.1694723767E+00 5.6133081264E-02
28 9.4171875000E+00 2 3.1690700819E+00 6.8021180564E-02
29 9.4178125000E+00 2 3.1686826595E+00 7.9899162793E-02
30 9.4184375000E+00 2 3.1683103253E+00 9.1765341518E-02
31 9.4190625000E+00 2 3.1679532867E+00 1.0361802968E-01
32 9.4196875000E+00 2 3.1676117431E+00 1.1545553983E-01
33 9.4203125000E+00 2 3.1672858852E+00 1.2727618440E-01
34 9.4209375000E+00 2 3.1669758953E+00 1.3907827597E-01
35 9.4215625000E+00 2 3.1666819472E+00 1.5086012751E-01
36 9.4221875000E+00 2 3.1664042057E+00 1.6262005266E-01
37 9.4228125000E+00 2 3.1661428271E+00 1.7435636597E-01
38 9.4234375000E+00 2 3.1658979586E+00 1.8606738320E-01
39 9.4240625000E+00 2 3.1656697386E+00 1.9775142160E-01
40 9.4246875000E+00 2 3.1654582961E+00 2.0940680013E-01
41 9.4253125000E+00 2 3.1652637514E+00 2.2103183980E-01
42 9.4259375000E+00 2 3.1650862153E+00 2.3262486390E-01
43 9.4265625000E+00 2 3.1649257894E+00 2.4418419829E-01
44 9.4271875000E+00 2 3.1647825661E+00 2.5570817170E-01
45 9.4278125000E+00 2 3.1646566283E+00 2.6719511601E-01
46 9.4284375000E+00 2 3.1645480494E+00 2.7864336650E-01
47 9.4290625000E+00 2 3.1644568934E+00 2.9005126218E-01
48 9.4296875000E+00 2 3.1643832148E+00 3.0141714607E-01
49 9.4303125000E+00 2 3.1643270585E+00 3.1273936544E-01
50 9.4309375000E+00 2 3.1642884598E+00 3.2401627217E-01
51 9.4315625000E+00 2 3.1642674443E+00 3.3524622302E-01
52 9.4321875000E+00 2 3.1642640280E+00 3.4642757990E-01
53 9.4328125000E+00 2 3.1642782174E+00 3.5755871016E-01
54 9.4334375000E+00 2 3.1643100090E+00 3.6863798693E-01
55 9.4340625000E+00 2 3.1643593898E+00 3.7966378939E-01
56 9.4346875000E+00 2 3.1644263371E+00 3.9063450303E-01
57 9.4353125000E+00 2 3.1645108184E+00 4.0154852002E-01
58 9.4359375000E+00 2 3.1646127917E+00 4.1240423944E-01
59 9.4365625000E+00 2 3.1647322050E+00 4.2320006763E-01
60 9.4371875000E+00 2 3.1648689970E+00 4.3393441843E-01
61 9.4378125000E+00 2 3.1650230964E+00 4.4460571354E-01
62 9.4384375000E+00 2 3.1651944226E+00 4.5521238277E-01
63 9.4390625000E+00 2 3.1653828852E+00 4.6575286436E-01
64 9.4396875000E+00 2 3.1655883843E+00 4.7622560529E-01
65 9.4403125000E+00 2 3.1658108106E+00 4.8662906153E-01
66 9.4409375000E+00 2 3.1660500450E+00 4.9696169837E-01
67 9.4415625000E+00 2 3.1663059593E+00 5.0722199074E-01
68 9.4421875000E+00 2 3.1665784159E+00 5.1740842345E-01
69 9.4428125000E+00 2 3.1668672678E+00 5.2751949152E-01
70 9.4434375000E+00 2 3.1671723588E+00 5.3755370046E-01
71 9.4440625000E+00 2 3.1674935235E+00 5.4750956657E-01
72 9.4446875000E+00 2 3.1678305875E+00 5.5738561721E-01
73 9.4453125000E+00 2 3.1681833674E+00 5.6718039114E-01
74 9.4459375000E+00 2 3.1685516707E+00 5.7689243873E-01
75 9.4465625000E+00 2 3.1689352963E+00 5.8652032233E-01
76 9.4471875000E+00 2 3.1693340341E+00 5.9606261649E-01
77 9.4478125000E+00 2 3.1697476658E+00 6.0551790828E-01
78 9.4484375000E+00 2 3.1701759641E+00 6.1488479754E-01
79 9.4490625000E+00 2 3.1706186936E+00 6.2416189718E-01
80 9.4496875000E+00 2 3.1710756105E+00 6.3334783347E-01
81 9.4503125000E+00 2 3.1715464628E+00 6.4244124628E-01
82 9.4509375000E+00 2 3.1720309905E+00 6.5144078936E-01
83 9.4515625000E+00 2 3.1725289258E+00 6.6034513063E-01
84 9.4521875000E+00 2 3.1730399928E+00 6.6915295241E-01
85 9.4528125000E+00 2 3.1735639084E+00 6.7786295173E-01
86 9.4534375000E+00 2 3.1741003817E+00 6.8647384055E-01
87 9.4540625000E+00 2 3.1746491144E+00 6.9498434600E-01
88 9.4546875000E+00 2 3.1752098014E+00 7.0339321072E-01
89 9.4553125000E+00 2 3.1757821303E+00 7.1169919302E-01
90 9.4559375000E+00 2 3.1763657817E+00 7.1990106712E-01
91 9.4565625000E+00 2 3.1769604300E+00 7.2799762352E-01
92 9.4571875000E+00 2 3.1775657426E+00 7.3598766908E-01
93 9.4578125000E+00 2 3.1781813809E+00 7.4387002734E-01
94 9.4584375000E+00 2 3.1788069999E+00 7.5164353874E-01
95 9.4590625000E+00 2 3.1794422488E+00 7.5930706084E-01
96 9.4596875000E+00 2 3.1800867711E+00 7.6685946855E-01
97 9.4603125000E+00 2 3.1807402044E+00 7.7429965434E-01
98 9.4609375000E+00 2 3.1814021814E+00 7.8162652844E-01
99 9.4615625000E+00 2 3.1820723292E+00 7.8883901908E-01
100 9.4621875000E+00 2 3.1827502702E+00 7.9593607268E-01
101 9.4628125000E+00 2 3.1834356219E+00 8.0291665405E-01
102 9.4634375000E+00 2 3.1841279973E+00 8.0977974656E-01
103 9.4640625000E+00 2 3.1848270052E+00 8.1652435237E-01
104 9.4646875000E+00 2 3.1855322502E+00 8.2314949260E-01
105 9.4653125000E+00 2 3.1862433329E+00 8.2965420750E-01
106 9.4659375000E+00 2 3.1869598505E+00 8.3603755662E-01
107 9.4665625000E+00 2 3.1876813967E+00 8.4229861900E-01
108 9.4671875000E+00 2 3.1884075619E+00 8.4843649332E-01
109 9.4678125000E+00 2 3.1891379337E+00 8.5445029804E-01
110 9.4684375000E+00 2 3.1898720969E+00 8.6033917160E-01
111 9.4690625000E+00 2 3.1906096340E+00 8.6610227252E-01
112 9.4696875000E+00 2 3.1913501251E+00 8.7173877954E-01
113 9.4703125000E+00 2 3.1920931484E+00 8.7724789181E-01
114 9.4709375000E+00 2 3.1928382804E+00 8.8262882894E-01
115 9.4715625000E+00 2 3.1935850961E+00 8.8788083118E-01
116 9.4721875000E+00 2 3.1943331692E+00 8.9300315954E-01
117 9.4728125000E+00 2 3.1950820726E+00 8.9799509584E-01
118 9.4734375000E+00 2 3.1958313784E+00 9.0285594288E-01
119 9.4740625000E+00 2 3.1965806581E+00 9.0758502452E-01
120 9.4746875000E+00 2 3.1973294833E+00 9.1218168573E-01
121 9.4753125000E+00 2 3.1980774254E+00 9.1664529276E-01
122 9.4759375000E+00 2 3.1988240562E+00 9.2097523314E-01
123 9.4765625000E+00 2 3.1995689482E+00 9.2517091579E-01
124 9.4771875000E+00 2 3.2003116743E+00 9.2923177109E-01
125 9.4778125000E+00 2 3.2010518091E+00 9.3315725094E-01
126 9.4784375000E+00 2 3.2017889281E+00 9.3694682879E-01
127 9.4790625000E+00 2 3.2025226086E+00 9.4059999974E-01
128 9.4796875000E+00 2 3.2032524296E+00 9.4411628054E-01
129 9.4803125000E+00 2 3.2039779723E+00 9.4749520961E-01
130 9.4809375000E+00 2 3.2046988205E+00 9.5073634715E-01
131 9.4815625000E+00 2 3.2054145603E+00 9.5383927508E-01
132 9.4821875000E+00 2 3.2061247808E+00 9.5680359707E-01
133 9.4828125000E+00 2 3.2068290744E+00 9.5962893865E-01
134 9.4834375000E+00 2 3.2075270365E+00 9.6231494707E-01
135 9.4840625000E+00 2 3.2082182666E+00 9.6486129139E-01
136 9.4846875000E+00 2 3.2089023677E+00 9.6726766248E-01
137 9.4853125000E+00 2 3.2095789472E+00 9.6953377294E-01
138 9.4859375000E+00 2 3.2102476167E+00 9.7165935713E-01
139 9.4865625000E+00 2 3.2109079924E+00 9.7364417119E-01
140 9.4871875000E+00 2 3.2115596956E+00 9.7548799291E-01
141 9.4878125000E+00 2 3.2122023523E+00 9.7719062178E-01
142 9.4884375000E+00 2 3.2128355941E+00 9.7875187890E-01
143 9.4890625000E+00 2 3.2134590580E+00 9.8017160696E-01
144 9.4896875000E+00 2 3.2140723867E+00 9.8144967020E-01
145 9.4903125000E+00 2 3.2146752292E+00 9.8258595428E-01
146 9.4909375000E+00 2 3.2152672402E+00 9.8358036635E-01
147 9.4915625000E+00 2 3.2158480812E+00 9.8443283485E-01
148 9.4921875000E+00 2 3.2164174202E+00 9.8514330955E-01
149 9.4928125000E+00 2 3.2169749319E+00 9.8571176136E-01
150 9.4934375000E+00 2 3.2175202982E+00 9.8613818237E-01
151 9.4940625000E+00 2 3.2180532080E+00 9.8642258568E-01
152 9.4946875000E+00 2 3.2185733579E+00 9.8656500535E-01
153 9.4953125000E+00 2 3.2190804517E+00 9.8656549629E-01
154 9.4959375000E+00 2 3.2195742012E+00 9.8642413415E-01
155 9.4965625000E+00 2 3.2200543262E+00 9.8614101526E-01
156 9.4971875000E+00 2 3.2205205543E+00 9.8571625649E-01
157 9.4978125000E+00 2 3.2209726216E+00 9.8514999516E-01
158 9.4984375000E+00 2 3.2214102727E+00 9.8444238890E-01
159 9.4990625000E+00 2 3.2218332605E+00 9.8359361557E-01
160 9.4996875000E+00 2 3.2222413467E+00 9.8260387312E-01
1 9.5003125000E+00 2 3.2226343021E+00 9.8147337944E-01
2 9.5009375000E+00 2 3.2230119062E+00 9.8020237232E-01
3 9.5015625000E+00 2 3.2233739476E+00 9.7879110920E-01
4 9.5021875000E+00 2 3.2237202245E+00 9.7723986715E-01
5 9.5028125000E+00 2 3.2240505440E+00 9.7554894267E-01
6 9.5034375000E+00 2 3.2243647229E+00 9.7371865159E-01
7 9.5040625000E+00 2 3.2246625875E+00 9.7174932889E-01
8 9.5046875000E+00 2 3.2249439739E+00 9.6964132860E-01
9 9.5053125000E+00 2 3.2252087278E+00 9.6739502366E-01
10 9.5059375000E+00 2 3.2254567048E+00 9.6501080571E-01
11 9.5065625000E+00 2 3.2256877702E+00 9.6248908503E-01
12 9.5071875000E+00 2 3.2259017996E+00 9.5983029034E-01
13 9.5078125000E+00 2 3.2260986784E+00 9.5703486868E-01
14 9.5084375000E+00 2 3.2262783022E+00 9.5410328523E-01
15 9.5090625000E+00 2 3.2264405768E+00 9.5103602317E-01
16 9.5096875000E+00 2 3.2265854180E+00 9.4783358354E-01
17 9.5103125000E+00 2 3.2267127521E+00 9.4449648510E-01
18 9.5109375000E+00 2 3.2268225152E+00 9.4102526410E-01
19 9.5115625000E+00 2 3.2269146542E+00 9.3742047424E-01
20 9.5121875000E+00 2 3.2269891259E+00 9.3368268642E-01
21 9.5128125000E+00 2 3.2270458977E+00 9.2981248864E-01
22 9.5134375000E+00 2 3.2270849470E+00 9.2581048583E-01
23 9.5140625000E+00 2 3.2271062617E+00 9.2167729966E-01
24 9.5146875000E+00 2 3.2271098400E+00 9.1741356846E-01
25 9.5153125000E+00 2 3.2270956902E+00 9.1301994700E-01
26 9.5159375000E+00 2 3.2270638310E+00 9.0849710636E-01
27 9.5165625000E+00 2 3.2270142913E+00 9.0384573377E-01
28 9.5171875000E+00 2 3.2269471102E+00 8.9906653247E-01
29 9.5178125000E+00 2 3.2268623369E+00 8.9416022154E-01
30 9.5184375000E+00 2 3.2267600306E+00 8.8912753575E-01
31 9.5190625000E+00 2 3.2266402607E+00 8.8396922543E-01
32 9.5196875000E+00 2 3.2265031065E+00 8.7868605628E-01
33 9.5203125000E+00 2 3.2263486573E+00 8.7327880927E-01
34 9.5209375000E+00 2 3.2261770121E+00 8.6774828043E-01
35 9.5215625000E+00 2 3.2259882798E+00 8.6209528075E-01
36 9.5221875000E+00 2 3.2257825789E+00 8.5632063605E-01
37 9.5228125000E+00 2 3.2255600375E+00 8.5042518675E-01
38 9.5234375000E+00 2 3.2253207932E+00 8.4440978780E-01
39 9.5240625000E+00 2 3.2250649930E+00 8.3827530854E-01
40 9.5246875000E+00 2 3.2247927932E+00 8.3202263247E-01
41 9.5253125000E+00 2 3.2245043593E+00 8.2565265726E-01
42 9.5259375000E+00 2 3.2241998658E+00 8.1916629445E-01
43 9.5265625000E+00 2 3.2238794963E+00 8.1256446941E-01
44 9.5271875000E+00 2 3.2235434430E+00 8.0584812119E-01
45 9.5278125000E+00 2 3.2231919069E+00 7.9901820234E-01
46 9.5284375000E+00 2 3.2228250976E+00 7.9207567886E-01
47 9.5290625000E+00 2 3.2224432332E+00 7.8502152997E-01
48 9.5296875000E+00 2 3.2220465397E+00 7.7785674805E-01
49 9.5303125000E+00 2 3.2216352517E+00 7.7058233847E-01
50 9.5309375000E+00 2 3.2212096115E+00 7.6319931950E-01
51 9.5315625000E+00 2 3.2207698693E+00 7.5570872214E-01
52 9.5321875000E+00 2 3.2203162828E+00 7.4811159003E-01
53 9.5328125000E+00 2 3.2198491175E+00 7.4040897929E-01
54 9.5334375000E+00 2 3.2193686460E+00 7.3260195844E-01
55 9.5340625000E+00 2 3.2188751482E+00 7.2469160825E-01
56 9.5346875000E+00 2 3.2183689108E+00 7.1667902161E-01
57 9.5353125000E+00 2 3.2178502275E+00 7.0856530345E-01
58 9.5359375000E+00 2 3.2173193986E+00 7.0035157058E-01
59 9.5365625000E+00 2 3.2167767307E+00 6.9203895160E-01
60 9.5371875000E+00 2 3.2162225369E+00 6.8362858676E-01
61 9.5378125000E+00 2 3.2156571361E+00 6.7512162788E-01
62 9.5384375000E+00 2 3.2150808533E+00 6.6651923822E-01
63 9.5390625000E+00 2 3.2144940192E+00 6.5782259230E-01
64 9.5396875000E+00 2 3.2138969698E+00 6.4903287592E-01
65 9.5403125000E+00 2 3.2132900465E+00 6.4015128596E-01
66 9.5409375000E+00 2 3.2126735959E+00 6.3117903026E-01
67 9.5415625000E+00 2 3.2120479693E+00 6.2211732754E-01
68 9.5421875000E+00 2 3.2114135228E+00 6.1296740731E-01
69 9.5428125000E+00 2 3.2107706170E+00 6.0373050971E-01
70 9.5434375000E+00 2 3.2101196167E+00 5.9440788542E-01
71 9.5440625000E+00 2 3.2094608908E+00 5.8500079559E-01
72 9.5446875000E+00 2 3.2087948121E+00 5.7551051165E-01
73 9.5453125000E+00 2 3.2081217570E+00 5.6593831527E-01
74 9.5459375000E+00 2 3.2074421054E+00 5.5628549823E-01
75 9.5465625000E+00 2 3.2067562402E+00 5.4655336230E-01
76 9.5471875000E+00 2 3.2060645477E+00 5.3674321914E-01
77 9.5478125000E+00 2 3.2053674166E+00 5.2685639020E-01
78 9.5484375000E+00 2 3.2046652383E+00 5.1689420659E-01
79 9.5490625000E+00 2 3.2039584067E+00 5.0685800897E-01
80 9.5496875000E+00 2 3.2032473177E+00 4.9674914745E-01
81 9.5503125000E+00 2 3.2025323692E+00 4.8656898150E-01
82 9.5509375000E+00 2 3.2018139608E+00 4.7631887979E-01
83 9.5515625000E+00 2 3.2010924933E+00 4.6600022011E-01
84 9.5521875000E+00 2 3.2003683694E+00 4.5561438923E-01
85 9.5528125000E+00 2 3.1996419922E+00 4.4516278282E-01
86 9.5534375000E+00 2 3.1989137660E+00 4.3464680531E-01
87 9.5540625000E+00 2 3.1981840957E+00 4.2406786979E-01
88 9.5546875000E+00 2 3.1974533865E+00 4.1342739785E-01
89 9.5553125000E+00 2 3.1967220438E+00 4.0272681952E-01
90 9.5559375000E+00 2 3.1959904731E+00 3.9196757310E-01
91 9.5565625000E+00 2 3.1952590796E+00 3.8115110506E-01
92 9.5571875000E+00 2 3.1945282678E+00 3.7027886992E-01
93 9.5578125000E+00 2 3.1937984420E+00 3.5935233012E-01
94 9.5584375000E+00 2 3.1930700052E+00 3.4837295586E-01
95 9.5590625000E+00 2 3.1923433596E+00 3.3734222503E-01
96 9.5596875000E+00 2 3.1916189059E+00 3.2626162303E-01
97 9.5603125000E+00 2 3.1908970434E+00 3.1513264267E-01
98 9.5609375000E+00 2 3.1901781697E+00 3.0395678401E-01
99 9.5615625000E+00 2 3.1894626803E+00 2.9273555422E-01
100 9.5621875000E+00 2 3.1887509688E+00 2.8147046749E-01
101 9.5628125000E+00 2 3.1880434264E+00 2.7016304482E-01
102 9.5634375000E+00 2 3.1873404418E+00 2.5881481392E-01
103 9.5640625000E+00 2 3.1866424008E+00 2.4742730905E-01
104 9.5646875000E+00 2 3.1859496864E+00 2.3600207088E-01
105 9.5653125000E+00 2 3.1852626786E+00 2.2454064632E-01
106 9.5659375000E+00 2 3.1845817539E+00 2.1304458840E-01
107 9.5665625000E+00 2 3.1839072854E+00 2.0151545608E-01
108 9.5671875000E+00 2 3.1832396424E+00 1.8995481412E-01
109 9.5678125000E+00 2 3.1825791904E+00 1.7836423289E-01
110 9.5684375000E+00 2 3.1819262908E+00 1.6674528824E-01
111 9.5690625000E+00 2 3.1812813009E+00 1.5509956130E-01
112 9.5696875000E+00 2 3.1806445733E+00 1.4342863835E-01
113 9.5703125000E+00 2 3.1800164561E+00 1.3173411060E-01
114 9.5709375000E+00 2 3.1793972927E+00 1.2001757408E-01
115 9.5715625000E+00 2 3.1787874215E+00 1.0828062940E-01
116 9.5721875000E+00 2 3.1781871758E+00 9.6524881606E-02
117 9.5728125000E+00 2 3.1775968835E+00 8.4751939992E-02
118 9.5734375000E+00 2 3.1770168671E+00 7.2963417914E-02
119 9.5740625000E+00 2 3.1764474436E+00 6.1160932602E-02
120 9.5746875000E+00 2 3.1758889239E+00 4.9346104969E-02
121 9.5753125000E+00 2 3.1753416134E+00 3.7520559418E-02
122 9.5759375000E+00 2 3.1748058110E+00 2.5685923653E-02
123 9.5765625000E+00 2 3.1742818096E+00 1.3843828469E-02
124 9.5771875000E+00 2 3.1737698958E+00 1.9959075592E-03
125 9.5778125000E+00 2 3.1732703493E+00 -9.8562026892E-03
126 9.5784375000E+00 2 3.1727834435E+00 -2.1710863412E-02
127 9.5790625000E+00 2 3.1723094448E+00 -3.3566433453E-02
128 9.5796875000E+00 2 3.1718486128E+00 -4.5421269609E-02
129 9.5803125000E+00 2 3.1714011998E+00 -5.7273726819E-02
130 9.5809375000E+00 2 3.1709674510E+00 -6.9122158389E-02
131 9.5815625000E+00 2 3.1705476045E+00 -8.0964916217E-02
132 9.5821875000E+00 2 3.1701418906E+00 -9.2800351007E-02
133 9.5828125000E+00 2 3.1697505322E+00 -1.0462681250E-01
134 9.5834375000E+00 2 3.1693737446E+00 -1.1644264970E-01
135 9.5840625000E+00 2 3.1690117352E+00 -1.2824621110E-01
136 9.5846875000E+00 2 3.1686647034E+00 -1.4003584493E-01
137 9.5853125000E+00 2 3.1683328409E+00 -1.5180989935E-01
138 9.5859375000E+00 2 3.1680163311E+00 -1.6356672276E-01
139 9.5865625000E+00 2 3.1677153492E+00 -1.7530466395E-01
140 9.5871875000E+00 2 3.1674300622E+00 -1.8702207241E-01
141 9.5878125000E+00 2 3.1671606287E+00 -1.9871729856E-01
142 9.5884375000E+00 2 3.1669071987E+00 -2.1038869397E-01
143 9.5890625000E+00 2 3.1666699139E+00 -2.2203461162E-01
144 9.5896875000E+00 2 3.1664489073E+00 -2.3365340617E-01
145 9.5903125000E+00 2 3.1662443031E+00 -2.4524343418E-01
146 9.5909375000E+00 2 3.1660562169E+00 -2.5680305439E-01
147 9.5915625000E+00 2 3.1658847555E+00 -2.6833062796E-01
148 9.5921875000E+00 2 3.1657300165E+00 -2.7982451873E-01
149 9.5928125000E+00 2 3.1655920890E+00 -2.9128309348E-01
150 9.5934375000E+00 2 3.1654710528E+00 -3.0270472218E-01
151 9.5940625000E+00 2 3.1653669788E+00 -3.1408777829E-01
152 9.5946875000E+00 2 3.1652799289E+00 -3.2543063896E-01
153 9.5953125000E+00 2 3.1652099556E+00 -3.3673168536E-01
154 9.5959375000E+00 2 3.1651571025E+00 -3.4798930289E-01
155 9.5965625000E+00 2 3.1651214038E+00 -3.5920188149E-01
156 9.5971875000E+00 2 3.1651028848E+00 -3.7036781588E-01
157 9.5978125000E+00 2 3.1651015613E+00 -3.8148550585E-01
158 9.5984375000E+00 2 3.1651174399E+00 -3.9255335651E-01
159 9.5990625000E+00 2 3.1651505179E+00 -4.0356977857E-01
160 9.5996875000E+00 2 3.1652007833E+00 -4.1453318862E-01
1 9.6003125000E+00 2 3.1652682151E+00 -4.2544200938E-01
2 9.6009375000E+00 2 3.1653527825E+00 -4.3629467002E-01
3 9.6015625000E+00 2 3.1654544459E+00 -4.4708960635E-01
4 9.6021875000E+00 2 3.1655731562E+00 -4.5782526119E-01
5 9.6028125000E+00 2 3.1657088550E+00 -4.6850008458E-01
6 9.6034375000E+00 2 3.1658614747E+00 -4.7911253406E-01
7 9.6040625000E+00 2 3.1660309385E+00 -4.8966107500E-01
8 9.6046875000E+00 2 3.1662171604E+00 -5.0014418078E-01
9 9.6053125000E+00 2 3.1664200452E+00 -5.1056033314E-01
10 9.6059375000E+00 2 3.1666394886E+00 -5.2090802245E-01
11 9.6065625000E+00 2 3.1668753773E+00 -5.3118574792E-01
12 9.6071875000E+00 2 3.1671275886E+00 -5.4139201796E-01
13 9.6078125000E+00 2 3.1673959912E+00 -5.5152535039E-01
14 9.6084375000E+00 2 3.1676804446E+00 -5.6158427272E-01
15 9.6090625000E+00 2 3.1679807996E+00 -5.7156732245E-01
16 9.6096875000E+00 2 3.1682968981E+00 -5.8147304734E-01
17 9.6103125000E+00 2 3.1686285731E+00 -5.9130000564E-01
18 9.6109375000E+00 2 3.1689756491E+00 -6.0104676638E-01
19 9.6115625000E+00 2 3.1693379420E+00 -6.1071190966E-01
20 9.6121875000E+00 2 3.1697152589E+00 -6.2029402690E-01
21 9.6128125000E+00 2 3.1701073989E+00 -6.2979172107E-01
22 9.6134375000E+00 2 3.1705141524E+00 -6.3920360703E-01
23 9.6140625000E+00 2 3.1709353016E+00 -6.4852831170E-01
24 9.6146875000E+00 2 3.1713706208E+00 -6.5776447441E-01
25 9.6153125000E+00 2 3.1718198759E+00 -6.6691074710E-01
26 9.6159375000E+00 2 3.1722828250E+00 -6.7596579457E-01
27 9.6165625000E+00 2 3.1727592186E+00 -6.8492829480E-01
28 9.6171875000E+00 2 3.1732487991E+00 -6.9379693912E-01
29 9.6178125000E+00 2 3.1737513017E+00 -7.0257043252E-01
30 9.6184375000E+00 2 3.1742664538E+00 -7.1124749387E-01
31 9.6190625000E+00 2 3.1747939758E+00 -7.1982685617E-01
32 9.6196875000E+00 2 3.1753335807E+00 -7.2830726679E-01
33 9.6203125000E+00 2 3.1758849746E+00 -7.3668748773E-01
34 9.6209375000E+00 2 3.1764478565E+00 -7.4496629583E-01
35 9.6215625000E+00 2 3.1770219190E+00 -7.5314248299E-01
36 9.6221875000E+00 2 3.1776068479E+00 -7.6121485646E-01
37 9.6228125000E+00 2 3.1782023224E+00 -7.6918223902E-01
38 9.6234375000E+00 2 3.1788080158E+00 -7.7704346922E-01
39 9.6240625000E+00 2 3.1794235951E+00 -7.8479740157E-01
40 9.6246875000E+00 2 3.1800487215E+00 -7.9244290683E-01
41 9.6253125000E+00 2 3.1806830502E+00 -7.9997887214E-01
42 9.6259375000E+00 2 3.1813262311E+00 -8.0740420129E-01
43 9.6265625000E+00 2 3.1819779087E+00 -8.1471781489E-01
44 9.6271875000E+00 2 3.1826377221E+00 -8.2191865061E-01
45 9.6278125000E+00 2 3.1833053056E+00 -8.2900566333E-01
46 9.6284375000E+00 2 3.1839802886E+00 -8.3597782538E-01
47 9.6290625000E+00 2 3.1846622959E+00 -8.4283412668E-01
48 9.6296875000E+00 2 3.1853509481E+00 -8.4957357500E-01
49 9.6303125000E+00 2 3.1860458612E+00 -8.5619519605E-01
50 9.6309375000E+00 2 3.1867466476E+00 -8.6269803373E-01
51 9.6315625000E+00 2 3.1874529158E+00 -8.6908115028E-01
52 9.6321875000E+00 2 3.1881642705E+00 -8.7534362642E-01
53 9.6328125000E+00 2 3.1888803135E+00 -8.8148456155E-01
54 9.6334375000E+00 2 3.1896006432E+00 -8.8750307389E-01
55 9.6340625000E+00 2 3.1903248551E+00 -8.9339830064E-01
56 9.6346875000E+00 2 3.1910525423E+00 -8.9916939811E-01
57 9.6353125000E+00 2 3.1917832951E+00 -9.0481554189E-01
58 9.6359375000E+00 2 3.1925167019E+00 -9.1033592698E-01
59 9.6365625000E+00 2 3.1932523490E+00 -9.1572976788E-01
60 9.6371875000E+00 2 3.1939898211E+00 -9.2099629881E-01
61 9.6378125000E+00 2 3.1947287011E+00 -9.2613477374E-01
62 9.6384375000E+00 2 3.1954685710E+00 -9.3114446655E-01
63 9.6390625000E+00 2 3.1962090118E+00 -9.3602467108E-01
64 9.6396875000E+00 2 3.1969496034E+00 -9.4077470145E-01
65 9.6403125000E+00 2 3.1976899254E+00 -9.4539389175E-01
66 9.6409375000E+00 2 3.1984295573E+00 -9.4988159668E-01
67 9.6415625000E+00 2 3.1991680783E+00 -9.5423719106E-01
68 9.6421875000E+00 2 3.1999050680E+00 -9.5846007041E-01
69 9.6428125000E+00 2 3.2006401063E+00 -9.6254965064E-01
70 9.6434375000E+00 2 3.2013727742E+00 -9.6650536848E-01
71 9.6440625000E+00 2 3.2021026532E+00 -9.7032668120E-01
72 9.6446875000E+00 2 3.2028293263E+00 -9.7401306692E-01
73 9.6453125000E+00 2 3.2035523781E+00 -9.7756402455E-01
74 9.6459375000E+00 2 3.2042713946E+00 -9.8097907388E-01
75 9.6465625000E+00 2 3.2049859641E+00 -9.8425775561E-01
76 9.6471875000E+00 2 3.2056956768E+00 -9.8739963139E-01
77 9.6478125000E+00 2 3.2064001258E+00 -9.9040428385E-01
78 9.6484375000E+00 2 3.2070989066E+00 -9.9327131665E-01
79 9.6490625000E+00 2 3.2077916176E+00 -9.9600035440E-01
80 9.6496875000E+00 2 3.2084778609E+00 -9.9859104290E-01
81 9.6503125000E+00 2 3.2091572415E+00 -1.0010430489E+00
82 9.6509375000E+00 2 3.2098293684E+00 -1.0033560602E+00
83 9.6515625000E+00 2 3.2104938546E+00 -1.0055297857E+00
84 9.6521875000E+00 2 3.2111503170E+00 -1.0075639554E+00
85 9.6528125000E+00 2 3.2117983773E+00 -1.0094583203E+00
86 9.6534375000E+00 2 3.2124376615E+00 -1.0112126524E+00
87 9.6540625000E+00 2 3.2130678007E+00 -1.0128267447E+00
88 9.6546875000E+00 2 3.2136884310E+00 -1.0143004113E+00
89 9.6553125000E+00 2 3.2142991939E+00 -1.0156334871E+00
90 9.6559375000E+00 2 3.2148997364E+00 -1.0168258280E+00
91 9.6565625000E+00 2 3.2154897113E+00 -1.0178773108E+00
92 9.6571875000E+00 2 3.2160687774E+00 -1.0187878329E+00
93 9.6578125000E+00 2 3.2166365997E+00 -1.0195573127E+00
94 9.6584375000E+00 2 3.2171928497E+00 -1.0201856893E+00
95 9.6590625000E+00 2 3.2177372054E+00 -1.0206729224E+00
96 9.6596875000E+00 2 3.2182693515E+00 -1.0210189923E+00
97 9.6603125000E+00 2 3.2187889799E+00 -1.0212238998E+00
98 9.6609375000E+00 2 3.2192957898E+00 -1.0212876662E+00
99 9.6615625000E+00 2 3.2197894874E+00 -1.0212103331E+00
100 9.6621875000E+00 2 3.2202697869E+00 -1.0209919624E+00
101 9.6628125000E+00 2 3.2207364099E+00 -1.0206326363E+00
102 9.6634375000E+00 2 3.2211890861E+00 -1.0201324571E+00
103 9.6640625000E+00 2 3.2216275532E+00 -1.0194915471E+00
104 9.6646875000E+00 2 3.2220515572E+00 -1.0187100484E+00
105 9.6653125000E+00 2 3.2224608525E+00 -1.0177881231E+00
106 9.6659375000E+00 2 3.2228552019E+00 -1.0167259531E+00
107 9.6665625000E+00 2 3.2232343772E+00 -1.0155237396E+00
108 9.6671875000E+00 2 3.2235981587E+00 -1.0141817037E+00
109 9.6678125000E+00 2 3.2239463358E+00 -1.0127000856E+00
110 9.6684375000E+00 2 3.2242787071E+00 -1.0110791451E+00
111 9.6690625000E+00 2 3.2245950802E+00 -1.0093191609E+00
112 9.6696875000E+00 2 3.2248952721E+00 -1.0074204308E+00
113 9.6703125000E+00 2 3.2251791094E+00 -1.0053832717E+00
114 9.6709375000E+00 2 3.2254464280E+00 -1.0032080193E+00
115 9.6715625000E+00 2 3.2256970736E+00 -1.0008950278E+00
116 9.6721875000E+00 2 3.2259309014E+00 -9.9844467018E-01
117 9.6728125000E+00 2 3.2261477768E+00 -9.9585733773E-01
118 9.6734375000E+00 2 3.2263475748E+00 -9.9313344011E-01
119 9.6740625000E+00 2 3.2265301802E+00 -9.9027340515E-01
120 9.6746875000E+00 2 3.2266954883E+00 -9.8727767874E-01
121 9.6753125000E+00 2 3.2268434040E+00 -9.8414672467E-01
122 9.6759375000E+00 2 3.2269738426E+00 -9.8088102454E-01
123 9.6765625000E+00 2 3.2270867295E+00 -9.7748107757E-01
124 9.6771875000E+00 2 3.2271820004E+00 -9.7394740050E-01
125 9.6778125000E+00 2 3.2272596010E+00 -9.7028052748E-01
126 9.6784375000E+00 2 3.2273194875E+00 -9.6648100985E-01
127 9.6790625000E+00 2 3.2273616262E+00 -9.6254941610E-01
128 9.6796875000E+00 2 3.2273859940E+00 -9.5848633166E-01
129 9.6803125000E+00 2 3.2273925778E+00 -9.5429235879E-01
130 9.6809375000E+00 2 3.2273813748E+00 -9.4996811647E-01
131 9.6815625000E+00 2 3.2273523928E+00 -9.4551424020E-01
132 9.6821875000E+00 2 3.2273056494E+00 -9.4093138193E-01
133 9.6828125000E+00 2 3.2272411730E+00 -9.3622020986E-01
134 9.6834375000E+00 2 3.2271590018E+00 -9.3138140837E-01
135 9.6840625000E+00 2 3.2270591844E+00 -9.2641567781E-01
136 9.6846875000E+00 2 3.2269417794E+00 -9.2132373443E-01
137 9.6853125000E+00 2 3.2268068558E+00 -9.1610631021E-01
138 9.6859375000E+00 2 3.2266544923E+00 -9.1076415273E-01
139 9.6865625000E+00 2 3.2264847779E+00 -9.0529802505E-01
140 9.6871875000E+00 2 3.2262978114E+00 -8.9970870556E-01
141 9.6878125000E+00 2 3.2260937015E+00 -8.9399698784E-01
142 9.6884375000E+00 2 3.2258725666E+00 -8.8816368057E-01
143 9.6890625000E+00 2 3.2256345349E+00 -8.8220960735E-01
144 9.6896875000E+00 2 3.2253797442E+00 -8.7613560661E-01
145 9.6903125000E+00 2 3.2251083418E+00 -8.6994253145E-01
146 9.6909375000E+00 2 3.2248204846E+00 -8.6363124954E-01
147 9.6915625000E+00 2 3.2245163386E+00 -8.5720264297E-01
148 9.6921875000E+00 2 3.2241960790E+00 -8.5065760816E-01
149 9.6928125000E+00 2 3.2238598904E+00 -8.4399705568E-01
150 9.6934375000E+00 2 3.2235079661E+00 -8.3722191017E-01
151 9.6940625000E+00 2 3.2231405084E+00 -8.3033311024E-01
152 9.6946875000E+00 2 3.2227577282E+00 -8.2333160826E-01
153 9.6953125000E+00 2 3.2223598452E+00 -8.1621837035E-01
154 9.6959375000E+00 2 3.2219470873E+00 -8.0899437618E-01
155 9.6965625000E+00 2 3.2215196910E+00 -8.0166061890E-01
156 9.6971875000E+00 2 3.2210779008E+00 -7.9421810498E-01
157 9.6978125000E+00 2 3.2206219691E+00 -7.8666785415E-01
158 9.6984375000E+00 2 3.2201521565E+00 -7.7901089925E-01
159 9.6990625000E+00 2 3.2196687310E+00 -7.7124828612E-01
160 9.6996875000E+00 2 3.2191719683E+00 -7.6338107348E-01
1 9.7003125000E+00 2 3.2186621513E+00 -7.5541033287E-01
2 9.7009375000E+00 2 3.2181395703E+00 -7.4733714846E-01
3 9.7015625000E+00 2 3.2176045225E+00 -7.3916261701E-01
4 9.7021875000E+00 2 3.2170573119E+00 -7.3088784772E-01
5 9.7028125000E+00 2 3.2164982492E+00 -7.2251396215E-01
6 9.7034375000E+00 2 3.2159276517E+00 -7.1404209409E-01
7 9.7040625000E+00 2 3.2153458429E+00 -7.0547338946E-01
8 9.7046875000E+00 2 3.2147531523E+00 -6.9680900624E-01
9 9.7053125000E+00 2 3.2141499154E+00 -6.8805011428E-01
10 9.7059375000E+00 2 3.2135364734E+00 -6.7919789531E-01
11 9.7065625000E+00 2 3.2129131730E+00 -6.7025354272E-01
12 9.7071875000E+00 2 3.2122803662E+00 -6.6121826154E-01
13 9.7078125000E+00 2 3.2116384100E+00 -6.5209326831E-01
14 9.7084375000E+00 2 3.2109876664E+00 -6.4287979096E-01
15 9.7090625000E+00 2 3.2103285022E+00 -6.3357906872E-01
16 9.7096875000E+00 2 3.2096612884E+00 -6.2419235204E-01
17 9.7103125000E+00 2 3.2089864004E+00 -6.1472090244E-01
18 9.7109375000E+00 2 3.2083042177E+00 -6.0516599243E-01
19 9.7115625000E+00 2 3.2076151236E+00 -5.9552890541E-01
20 9.7121875000E+00 2 3.2069195049E+00 -5.8581093556E-01
21 9.7128125000E+00 2 3.2062177520E+00 -5.7601338775E-01
22 9.7134375000E+00 2 3.2055102582E+00 -5.6613757740E-01
23 9.7140625000E+00 2 3.2047974200E+00 -5.5618483041E-01
24 9.7146875000E+00 2 3.2040796365E+00 -5.4615648301E-01
25 9.7153125000E+00 2 3.2033573095E+00 -5.3605388172E-01
26 9.7159375000E+00 2 3.2026308428E+00 -5.2587838317E-01
27 9.7165625000E+00 2 3.2019006424E+00 -5.1563135404E-01
28 9.7171875000E+00 2 3.2011671162E+00 -5.0531417091E-01
29 9.7178125000E+00 2 3.2004306736E+00 -4.9492822020E-01
30 9.7184375000E+00 2 3.1996917256E+00 -4.8447489799E-01
31 9.7190625000E+00 2 3.1989506840E+00 -4.7395560997E-01
32 9.7196875000E+00 2 3.1982079618E+00 -4.6337177128E-01
33 9.7203125000E+00 2 3.1974639727E+00 -4.5272480642E-01
34 9.7209375000E+00 2 3.1967191309E+00 -4.4201614907E-01
35 9.7215625000E+00 2 3.1959738506E+00 -4.3124724211E-01
36 9.7221875000E+00 2 3.1952285465E+00 -4.2041953730E-01
37 9.7228125000E+00 2 3.1944836326E+00 -4.0953449533E-01
38 9.7234375000E+00 2 3.1937395229E+00 -3.9859358559E-01
39 9.7240625000E+00 2 3.1929966305E+00 -3.8759828608E-01
40 9.7246875000E+00 2 3.1922553679E+00 -3.7655008328E-01
41 9.7253125000E+00 2 3.1915161462E+00 -3.6545047200E-01
42 9.7259375000E+00 2 3.1907793755E+00 -3.5430095525E-01
43 9.7265625000E+00 2 3.1900454642E+00 -3.4310304411E-01
44 9.7271875000E+00 2 3.1893148190E+00 -3.3185825759E-01
45 9.7278125000E+00 2 3.1885878447E+00 -3.2056812246E-01
46 9.7284375000E+00 2 3.1878649439E+00 -3.0923417316E-01
47 9.7290625000E+00 2 3.1871465169E+00 -2.9785795158E-01
48 9.7296875000E+00 2 3.1864329612E+00 -2.8644100697E-01
49 9.7303125000E+00 2 3.1857246717E+00 -2.7498489576E-01
50 9.7309375000E+00 2 3.1850220402E+00 -2.6349118141E-01
51 9.7315625000E+00 2 3.1843254554E+00 -2.5196143424E-01
52 9.7321875000E+00 2 3.1836353023E+00 -2.4039723126E-01
53 9.7328125000E+00 2 3.1829519626E+00 -2.2880015606E-01
54 9.7334375000E+00 2 3.1822758139E+00 -2.1717179858E-01
55 9.7340625000E+00 2 3.1816072300E+00 -2.0551375493E-01
56 9.7346875000E+00 2 3.1809465803E+00 -1.9382762731E-01
57 9.7353125000E+00 2 3.1802942299E+00 -1.8211502371E-01
58 9.7359375000E+00 2 3.1796505392E+00 -1.7037755784E-01
59 9.7365625000E+00 2 3.1790158639E+00 -1.5861684885E-01
60 9.7371875000E+00 2 3.1783905546E+00 -1.4683452121E-01
61 9.7378125000E+00 2 3.1777749569E+00 -1.3503220451E-01
62 9.7384375000E+00 2 3.1771694108E+00 -1.2321153323E-01
63 9.7390625000E+00 2 3.1765742511E+00 -1.1137414660E-01
64 9.7396875000E+00 2 3.1759898065E+00 -9.9521688325E-02
65 9.7403125000E+00 2 3.1754164002E+00 -8.7655806487E-02
66 9.7409375000E+00 2 3.1748543492E+00 -7.5778153233E-02
67 9.7415625000E+00 2 3.1743039642E+00 -6.3890384632E-02
68 9.7421875000E+00 2 3.1737655496E+00 -5.1994160440E-02
69 9.7428125000E+00 2 3.1732394033E+00 -4.0091143893E-02
70 9.7434375000E+00 2 3.1727258165E+00 -2.8183001475E-02
71 9.7440625000E+00 2 3.1722250735E+00 -1.6271402715E-02
72 9.7446875000E+00 2 3.1717374517E+00 -4.3580199503E-03
73 9.7453125000E+00 2 3.1712632211E+00 7.5554719053E-03
74 9.7459375000E+00 2 3.1708026449E+00 1.9467395577E-02
75 9.7465625000E+00 2 3.1703559783E+00 3.1376071679E-02
76 9.7471875000E+00 2 3.1699234693E+00 4.3279818939E-02
77 9.7478125000E+00 2 3.1695053582E+00 5.5176954446E-02
78 9.7484375000E+00 2 3.1691018774E+00 6.7065793888E-02
79 9.7490625000E+00 2 3.1687132512E+00 7.8944651802E-02
80 9.7496875000E+00 2 3.1683396962E+00 9.0811841817E-02
81 9.7503125000E+00 2 3.1679814205E+00 1.0266567692E-01
82 9.7509375000E+00 2 3.1676386240E+00 1.1450446968E-01
83 9.7515625000E+00 2 3.1673114982E+00 1.2632653254E-01
84 9.7521875000E+00 2 3.1670002261E+00 1.3813017804E-01
85 9.7528125000E+00 2 3.1667049820E+00 1.4991371911E-01
86 9.7534375000E+00 2 3.1664259318E+00 1.6167546934E-01
87 9.7540625000E+00 2 3.1661632321E+00 1.7341374318E-01
88 9.7546875000E+00 2 3.1659170311E+00 1.8512685631E-01
89 9.7553125000E+00 2 3.1656874677E+00 1.9681312582E-01
90 9.7559375000E+00 2 3.1654746718E+00 2.0847087054E-01
91 9.7565625000E+00 2 3.1652787644E+00 2.2009841130E-01
92 9.7571875000E+00 2 3.1650998570E+00 2.3169407120E-01
93 9.7578125000E+00 2 3.1649380520E+00 2.4325617588E-01
94 9.7584375000E+00 2 3.1647934426E+00 2.5478305383E-01
95 9.7590625000E+00 2 3.1646661122E+00 2.6627303666E-01
96 9.7596875000E+00 2 3.1645561353E+00 2.7772445937E-01
97 9.7603125000E+00 2 3.1644635764E+00 2.8913566066E-01
98 9.7609375000E+00 2 3.1643884910E+00 3.0050498321E-01
99 9.7615625000E+00 2 3.1643309245E+00 3.1183077396E-01
100 9.7621875000E+00 2 3.1642909132E+00 3.2311138440E-01
101 9.7628125000E+00 2 3.1642684834E+00 3.3434517087E-01
102 9.7634375000E+00 2 3.1642636519E+00 3.4553049486E-01
103 9.7640625000E+00 2 3.1642764258E+00 3.5666572328E-01
104 9.7646875000E+00 2 3.1643068027E+00 3.6774922879E-01
105 9.7653125000E+00 2 3.1643547701E+00 3.7877939008E-01
106 9.7659375000E+00 2 3.1644203062E+00 3.8975459202E-01
107 9.7665625000E+00 2 3.1645033793E+00 4.0067322642E-01
108 9.7671875000E+00 2 3.1646039481E+00 4.1153369166E-01
109 9.7678125000E+00 2 3.1647219615E+00 4.2233439350E-01
110 9.7684375000E+00 2 3.1648573588E+00 4.3307374520E-01
111 9.7690625000E+00 2 3.1650100697E+00 4.4375016779E-01
112 9.7696875000E+00 2 3.1651800142E+00 4.5436209044E-01
113 9.7703125000E+00 2 3.1653671027E+00 4.6490795069E-01
114 9.7709375000E+00 2 3.1655712361E+00 4.7538619478E-01
115 9.7715625000E+00 2 3.1657923057E+00 4.8579527799E-01
116 9.7721875000E+00 2 3.1660301935E+00 4.9613366484E-01
117 9.7728125000E+00 2 3.1662847718E+00 5.0639982945E-01
118 9.7734375000E+00 2 3.1665559038E+00 5.1659225584E-01
119 9.7740625000E+00 2 3.1668434433E+00 5.2670943820E-01
120 9.7746875000E+00 2 3.1671472347E+00 5.3674988118E-01
121 9.7753125000E+00 2 3.1674671135E+00 5.4671210021E-01
122 9.7759375000E+00 2 3.1678029060E+00 5.5659462175E-01
123 9.7765625000E+00 2 3.1681544294E+00 5.6639598362E-01
124 9.7771875000E+00 2 3.1685214920E+00 5.7611473527E-01
125 9.7778125000E+00 2 3.1689038934E+00 5.8574943805E-01
126 9.7784375000E+00 2 3.1693014243E+00 5.9529866553E-01
127 9.7790625000E+00 2 3.1697138668E+00 6.0476100376E-01
128 9.7796875000E+00 2 3.1701409946E+00 6.1413505154E-01
129 9.7803125000E+00 2 3.1705825728E+00 6.2341942075E-01
130 9.7809375000E+00 2 3.1710383583E+00 6.3261273654E-01
131 9.7815625000E+00 2 3.1715080998E+00 6.4171363768E-01
132 9.7821875000E+00 2 3.1719915379E+00 6.5072077680E-01
133 9.7828125000E+00 2 3.1724884053E+00 6.5963282067E-01
134 9.7834375000E+00 2 3.1729984271E+00 6.6844845046E-01
135 9.7840625000E+00 2 3.1735213203E+00 6.7716636198E-01
136 9.7846875000E+00 2 3.1740567949E+00 6.8578526599E-01
137 9.7853125000E+00 2 3.1746045533E+00 6.9430388841E-01
138 9.7859375000E+00 2 3.1751642907E+00 7.0272097060E-01
139 9.7865625000E+00 2 3.1757356953E+00 7.1103526960E-01
140 9.7871875000E+00 2 3.1763184485E+00 7.1924555837E-01
141 9.7878125000E+00 2 3.1769122248E+00 7.2735062606E-01
142 9.7884375000E+00 2 3.1775166925E+00 7.3534927822E-01
143 9.7890625000E+00 2 3.1781315133E+00 7.4324033704E-01
144 9.7896875000E+00 2 3.1787563428E+00 7.5102264159E-01
145 9.7903125000E+00 2 3.1793908307E+00 7.5869504805E-01
146 9.7909375000E+00 2 3.1800346207E+00 7.6625642993E-01
147 9.7915625000E+00 2 3.1806873512E+00 7.7370567827E-01
148 9.7921875000E+00 2 3.1813486550E+00 7.8104170187E-01
149 9.7928125000E+00 2 3.1820181598E+00 7.8826342751E-01
150 9.7934375000E+00 2 3.1826954884E+00 7.9536980013E-01
151 9.7940625000E+00 2 3.1833802585E+00 8.0235978305E-01
152 9.7946875000E+00 2 3.1840720837E+00 8.0923235816E-01
153 9.7953125000E+00 2 3.1847705729E+00 8.1598652609E-01
154 9.7959375000E+00 2 3.1854753312E+00 8.2262130644E-01
155 9.7965625000E+00 2 3.1861859594E+00 8.2913573790E-01
156 9.7971875000E+00 2 3.1869020551E+00 8.3552887847E-01
157 9.7978125000E+00 2 3.1876232121E+00 8.4179980561E-01
158 9.7984375000E+00 2 3.1883490211E+00 8.4794761643E-01
159 9.7990625000E+00 2 3.1890790701E+00 8.5397142778E-01
160 9.7996875000E+00 2 3.1898129439E+00 8.5987037650E-01
1 9.8003125000E+00 2 3.1905502253E+00 8.6564361947E-01
2 9.8009375000E+00 2 3.1912904945E+00 8.7129033383E-01
3 9.8015625000E+00 2 3.1920333298E+00 8.7680971706E-01
4 9.8021875000E+00 2 3.1927783080E+00 8.8220098713E-01
5 9.8028125000E+00 2 3.1935250040E+00 8.8746338263E-01
6 9.8034375000E+00 2 3.1942729919E+00 8.9259616288E-01
7 9.8040625000E+00 2 3.1950218443E+00 8.9759860805E-01
8 9.8046875000E+00 2 3.1957711335E+00 9.0247001923E-01
9 9.8053125000E+00 2 3.1965204312E+00 9.0720971857E-01
10 9.8059375000E+00 2 3.1972693088E+00 9.1181704938E-01
11 9.8065625000E+00 2 3.1980173377E+00 9.1629137616E-01
12 9.8071875000E+00 2 3.1987640898E+00 9.2063208474E-01
13 9.8078125000E+00 2 3.1995091373E+00 9.2483858232E-01
14 9.8084375000E+00 2 3.2002520533E+00 9.2891029755E-01
15 9.8090625000E+00 2 3.2009924122E+00 9.3284668059E-01
16 9.8096875000E+00 2 3.2017297892E+00 9.3664720318E-01
17 9.8103125000E+00 2 3.2024637617E+00 9.4031135866E-01
18 9.8109375000E+00 2 3.2031939085E+00 9.4383866203E-01
19 9.8115625000E+00 2 3.2039198107E+00 9.4722864996E-01
20 9.8121875000E+00 2 3.2046410516E+00 9.5048088093E-01
21 9.8128125000E+00 2 3.2053572173E+00 9.5359493510E-01
22 9.8134375000E+00 2 3.2060678967E+00 9.5657041438E-01
23 9.8140625000E+00 2 3.2067726817E+00 9.5940694256E-01
24 9.8146875000E+00 2 3.2074711677E+00 9.6210416513E-01
25 9.8153125000E+00 2 3.2081629537E+00 9.6466174939E-01
26 9.8159375000E+00 2 3.2088476425E+00 9.6707938448E-01
27 9.8165625000E+00 2 3.2095248411E+00 9.6935678124E-01
28 9.8171875000E+00 2 3.2101941608E+00 9.7149367227E-01
29 9.8178125000E+00 2 3.2108552174E+00 9.7348981198E-01
30 9.8184375000E+00 2 3.2115076316E+00 9.7534497643E-01
31 9.8190625000E+00 2 3.2121510293E+00 9.7705896332E-01
32 9.8196875000E+00 2 3.2127850415E+00 9.7863159206E-01
33 9.8203125000E+00 2 3.2134093048E+00 9.8006270360E-01
34 9.8209375000E+00 2 3.2140234614E+00 9.8135216042E-01
35 9.8215625000E+00 2 3.2146271597E+00 9.8249984649E-01
36 9.8221875000E+00 2 3.2152200542E+00 9.8350566722E-01
37 9.8228125000E+00 2 3.2158018056E+00 9.8436954935E-01
38 9.8234375000E+00 2 3.2163720813E+00 9.8509144093E-01
39 9.8240625000E+00 2 3.2169305558E+00 9.8567131118E-01
40 9.8246875000E+00 2 3.2174769101E+00 9.8610915049E-01
41 9.8253125000E+00 2 3.2180108327E+00 9.8640497026E-01
42 9.8259375000E+00 2 3.2185320194E+00 9.8655880288E-01
43 9.8265625000E+00 2 3.2190401736E+00 9.8657070159E-01
44 9.8271875000E+00 2 3.2195350064E+00 9.8644074039E-01
45 9.8278125000E+00 2 3.2200162369E+00 9.8616901392E-01
46 9.8284375000E+00 2 3.2204835921E+00 9.8575563741E-01
47 9.8290625000E+00 2 3.2209368074E+00 9.8520074656E-01
48 9.8296875000E+00 2 3.2213756267E+00 9.8450449735E-01
49 9.8303125000E+00 2 3.2217998023E+00 9.8366706604E-01
50 9.8309375000E+00 2 3.2222090952E+00 9.8268864894E-01
51 9.8315625000E+00 2 3.2226032752E+00 9.8156946237E-01
52 9.8321875000E+00 2 3.2229821214E+00 9.8030974250E-01
53 9.8328125000E+00 2 3.2233454216E+00 9.7890974521E-01
54 9.8334375000E+00 2 3.2236929731E+00 9.7736974600E-01
55 9.8340625000E+00 2 3.2240245823E+00 9.7569003981E-01
56 9.8346875000E+00 2 3.2243400654E+00 9.7387094091E-01
57 9.8353125000E+00 2 3.2246392478E+00 9.7191278276E-01
58 9.8359375000E+00 2 3.2249219648E+00 9.6981591786E-01
59 9.8365625000E+00 2 3.2251880614E+00 9.6758071762E-01
60 9.8371875000E+00 2 3.2254373922E+00 9.6520757221E-01
61 9.8378125000E+00 2 3.2256698219E+00 9.6269689039E-01
62 9.8384375000E+00 2 3.2258852253E+00 9.6004909943E-01
63 9.8390625000E+00 2 3.2260834869E+00 9.5726464488E-01
64 9.8396875000E+00 2 3.2262645016E+00 9.5434399046E-01
65 9.8403125000E+00 2 3.2264281742E+00 9.5128761793E-01
66 9.8409375000E+00 2 3.2265744198E+00 9.4809602691E-01
67 9.8415625000E+00 2 3.2267031638E+00 9.4476973470E-01
68 9.8421875000E+00 2 3.2268143417E+00 9.4130927619E-01
69 9.8428125000E+00 2 3.2269078993E+00 9.3771520366E-01
70 9.8434375000E+00 2 3.2269837927E+00 9.3398808664E-01
71 9.8440625000E+00 2 3.2270419884E+00 9.3012851176E-01
72 9.8446875000E+00 2 3.2270824631E+00 9.2613708259E-01
73 9.8453125000E+00 2 3.2271052038E+00 9.2201441948E-01
74 9.8459375000E+00 2 3.2271102078E+00 9.1776115940E-01
75 9.8465625000E+00 2 3.2270974827E+00 9.1337795582E-01
76 9.8471875000E+00 2 3.2270670463E+00 9.0886547850E-01
77 9.8478125000E+00 2 3.2270189268E+00 9.0422441339E-01
78 9.8484375000E+00 2 3.2269531622E+00 8.9945546245E-01
79 9.8490625000E+00 2 3.2268698011E+00 8.9455934348E-01
80 9.8496875000E+00 2 3.2267689020E+00 8.8953679001E-01
81 9.8503125000E+00 2 3.2266505333E+00 8.8438855112E-01
82 9.8509375000E+00 2 3.2265147735E+00 8.7911539127E-01
83 9.8515625000E+00 2 3.2263617112E+00 8.7371809021E-01
84 9.8521875000E+00 2 3.2261914446E+00 8.6819744278E-01
85 9.8528125000E+00 2 3.2260040817E+00 8.6255425877E-01
86 9.8534375000E+00 2 3.2257997404E+00 8.5678936278E-01
87 9.8540625000E+00 2 3.2255785479E+00 8.5090359410E-01
88 9.8546875000E+00 2 3.2253406411E+00 8.4489780650E-01
89 9.8553125000E+00 2 3.2250861662E+00 8.3877286817E-01
90 9.8559375000E+00 2 3.2248152789E+00 8.3252966150E-01
91 9.8565625000E+00 2 3.2245281438E+00 8.2616908298E-01
92 9.8571875000E+00 2 3.2242249348E+00 8.1969204307E-01
93 9.8578125000E+00 2 3.2239058346E+00 8.1309946603E-01
94 9.8584375000E+00 2 3.2235710348E+00 8.0639228981E-01
95 9.8590625000E+00 2 3.2232207359E+00 7.9957146590E-01
96 9.8596875000E+00 2 3.2228551466E+00 7.9263795919E-01
97 9.8603125000E+00 2 3.2224744842E+00 7.8559274786E-01
98 9.8609375000E+00 2 3.2220789744E+00 7.7843682324E-01
99 9.8615625000E+00 2 3.2216688509E+00 7.7117118966E-01
100 9.8621875000E+00 2 3.2212443553E+00 7.6379686435E-01
101 9.8628125000E+00 2 3.2208057374E+00 7.5631487729E-01
102 9.8634375000E+00 2 3.2203532542E+00 7.4872627111E-01
103 9.8640625000E+00 2 3.2198871706E+00 7.4103210095E-01
104 9.8646875000E+00 2 3.2194077586E+00 7.3323343431E-01
105 9.8653125000E+00 2 3.2189152975E+00 7.2533135099E-01
106 9.8659375000E+00 2 3.2184100735E+00 7.1732694293E-01
107 9.8665625000E+00 2 3.2178923798E+00 7.0922131406E-01
108 9.8671875000E+00 2 3.2173625161E+00 7.0101558026E-01
109 9.8678125000E+00 2 3.2168207885E+00 6.9271086920E-01
110 9.8684375000E+00 2 3.2162675096E+00 6.8430832016E-01
111 9.8690625000E+00 2 3.2157029978E+00 6.7580908406E-01
112 9.8696875000E+00 2 3.2151275778E+00 6.6721432325E-01
113 9.8703125000E+00 2 3.2145415796E+00 6.5852521133E-01
114 9.8709375000E+00 2 3.2139453389E+00 6.4974293321E-01
115 9.8715625000E+00 2 3.2133391967E+00 6.4086868488E-01
116 9.8721875000E+00 2 3.2127234991E+00 6.3190367330E-01
117 9.8728125000E+00 2 3.2120985971E+00 6.2284911633E-01
118 9.8734375000E+00 2 3.2114648464E+00 6.1370624260E-01
119 9.8740625000E+00 2 3.2108226072E+00 6.0447629142E-01
120 9.8746875000E+00 2 3.2101722441E+00 5.9516051261E-01
121 9.8753125000E+00 2 3.2095141255E+00 5.8576016648E-01
122 9.8759375000E+00 2 3.2088486241E+00 5.7627652365E-01
123 9.8765625000E+00 2 3.2081761159E+00 5.6671086497E-01
124 9.8771875000E+00 2 3.2074969804E+00 5.5706448140E-01
125 9.8778125000E+00 2 3.2068116006E+00 5.4733867392E-01
126 9.8784375000E+00 2 3.2061203622E+00 5.3753475340E-01
127 9.8790625000E+00 2 3.2054236539E+00 5.2765404050E-01
128 9.8796875000E+00 2 3.2047218669E+00 5.1769786556E-01
129 9.8803125000E+00 2 3.2040153948E+00 5.0766756848E-01
130 9.8809375000E+00 2 3.2033046334E+00 4.9756449862E-01
131 9.8815625000E+00 2 3.2025899804E+00 4.8739001468E-01
132 9.8821875000E+00 2 3.2018718353E+00 4.7714548462E-01
133 9.8828125000E+00 2 3.2011505989E+00 4.6683228546E-01
134 9.8834375000E+00 2 3.2004266736E+00 4.5645180331E-01
135 9.8840625000E+00 2 3.1997004626E+00 4.4600543310E-01
136 9.8846875000E+00 2 3.1989723702E+00 4.3549457856E-01
137 9.8853125000E+00 2 3.1982428010E+00 4.2492065208E-01
138 9.8859375000E+00 2 3.1975121603E+00 4.1428507458E-01
139 9.8865625000E+00 2 3.1967808536E+00 4.0358927542E-01
140 9.8871875000E+00 2 3.1960492862E+00 3.9283469222E-01
141 9.8878125000E+00 2 3.1953178635E+00 3.8202277084E-01
142 9.8884375000E+00 2 3.1945869900E+00 3.7115496511E-01
143 9.8890625000E+00 2 3.1938570700E+00 3.6023273686E-01
144 9.8896875000E+00 2 3.1931285067E+00 3.4925755567E-01
145 9.8903125000E+00 2 3.1924017023E+00 3.3823089882E-01
146 9.8909375000E+00 2 3.1916770576E+00 3.2715425111E-01
147 9.8915625000E+00 2 3.1909549720E+00 3.1602910475E-01
148 9.8921875000E+00 2 3.1902358433E+00 3.0485695923E-01
149 9.8928125000E+00 2 3.1895200673E+00 2.9363932115E-01
150 9.8934375000E+00 2 3.1888080376E+00 2.8237770415E-01
151 9.8940625000E+00 2 3.1881001456E+00 2.7107362867E-01
152 9.8946875000E+00 2 3.1873967802E+00 2.5972862190E-01
153 9.8953125000E+00 2 3.1866983276E+00 2.4834421757E-01
154 9.8959375000E+00 2 3.1860051709E+00 2.3692195585E-01
155 9.8965625000E+00 2 3.1853176904E+00 2.2546338316E-01
156 9.8971875000E+00 2 3.1846362628E+00 2.1397005202E-01
157 9.8978125000E+00 2 3.1839612615E+00 2.0244352094E-01
158 9.8984375000E+00 2 3.1832930562E+00 1.9088535420E-01
159 9.8990625000E+00 2 3.1826320127E+00 1.7929712175E-01
160 9.8996875000E+00 2 3.1819784927E+00 1.6768039898E-01
1 9.9003125000E+00 2 3.1813328538E+00 1.5603676662E-01
2 9.9009375000E+00 2 3.1806954490E+00 1.4436781053E-01
3 9.9015625000E+00 2 3.1800666268E+00 1.3267512155E-01
4 9.9021875000E+00 2 3.1794467310E+00 1.2096029531E-01
5 9.9028125000E+00 2 3.1788361004E+00 1.0922493206E-01
6 9.9034375000E+00 2 3.1782350687E+00 9.7470636501E-02
7 9.9040625000E+00 2 3.1776439642E+00 8.5699017591E-02
8 9.9046875000E+00 2 3.1770631099E+00 7.3911688366E-02
9 9.9053125000E+00 2 3.1764928231E+00 6.2110265752E-02
10 9.9059375000E+00 2 3.1759334155E+00 5.0296370372E-02
11 9.9065625000E+00 2 3.1753851927E+00 3.8471626358E-02
12 9.9071875000E+00 2 3.1748484542E+00 2.6637661153E-02
13 9.9078125000E+00 2 3.1743234934E+00 1.4796105313E-02
14 9.9084375000E+00 2 3.1738105974E+00 2.9485923048E-03
15 9.9090625000E+00 2 3.1733100464E+00 -8.9032416948E-03
16 9.9096875000E+00 2 3.1728221145E+00 -2.0757758006E-02
17 9.9103125000E+00 2 3.1723470684E+00 -3.2613315662E-02
18 9.9109375000E+00 2 3.1718851684E+00 -4.4468271604E-02
19 9.9115625000E+00 2 3.1714366674E+00 -5.6320980919E-02
20 9.9121875000E+00 2 3.1710018113E+00 -6.8169797035E-02
21 9.9128125000E+00 2 3.1705808385E+00 -8.0013071952E-02
22 9.9134375000E+00 2 3.1701739800E+00 -9.1849156465E-02
23 9.9140625000E+00 2 3.1697814595E+00 -1.0367640038E-01
24 9.9146875000E+00 2 3.1694034927E+00 -1.1549315276E-01
25 9.9153125000E+00 2 3.1690402877E+00 -1.2729776213E-01
26 9.9159375000E+00 2 3.1686920446E+00 -1.3908857671E-01
27 9.9165625000E+00 2 3.1683589557E+00 -1.5086394470E-01
28 9.9171875000E+00 2 3.1680412051E+00 -1.6262221442E-01
29 9.9178125000E+00 2 3.1677389685E+00 -1.7436173466E-01
30 9.9184375000E+00 2 3.1674524137E+00 -1.8608085484E-01
31 9.9190625000E+00 2 3.1671817000E+00 -1.9777792528E-01
32 9.9196875000E+00 2 3.1669269781E+00 -2.0945129745E-01
33 9.9203125000E+00 2 3.1666883903E+00 -2.2109932422E-01
34 9.9209375000E+00 2 3.1664660703E+00 -2.3272036009E-01
35 9.9215625000E+00 2 3.1662601431E+00 -2.4431276148E-01
36 9.9221875000E+00 2 3.1660707249E+00 -2.5587488692E-01
37 9.9228125000E+00 2 3.1658979231E+00 -2.6740509739E-01
38 9.9234375000E+00 2 3.1657418363E+00 -2.7890175648E-01
39 9.9240625000E+00 2 3.1656025542E+00 -2.9036323074E-01
40 9.9246875000E+00 2 3.1654801573E+00 -3.0178788988E-01
41 9.9253125000E+00 2 3.1653747173E+00 -3.1317410705E-01
42 9.9259375000E+00 2 3.1652862966E+00 -3.2452025911E-01
43 9.9265625000E+00 2 3.1652149487E+00 -3.3582472689E-01
44 9.9271875000E+00 2 3.1651607178E+00 -3.4708589545E-01
45 9.9278125000E+00 2 3.1651236390E+00 -3.5830215434E-01
46 9.9284375000E+00 2 3.1651037382E+00 -3.6947189789E-01
47 9.9290625000E+00 2 3.1651010319E+00 -3.8059352548E-01
48 9.9296875000E+00 2 3.1651155274E+00 -3.9166544177E-01
49 9.9303125000E+00 2 3.1651472230E+00 -4.0268605702E-01
50 9.9309375000E+00 2 3.1651961074E+00 -4.1365378733E-01
51 9.9315625000E+00 2 3.1652621600E+00 -4.2456705493E-01
52 9.9321875000E+00 2 3.1653453512E+00 -4.3542428844E-01
53 9.9328125000E+00 2 3.1654456419E+00 -4.4622392315E-01
54 9.9334375000E+00 2 3.1655629837E+00 -4.5696440129E-01
55 9.9340625000E+00 2 3.1656973191E+00 -4.6764417231E-01
56 9.9346875000E+00 2 3.1658485811E+00 -4.7826169315E-01
57 9.9353125000E+00 2 3.1660166938E+00 -4.8881542852E-01
58 9.9359375000E+00 2 3.1662015719E+00 -4.9930385117E-01
59 9.9365625000E+00 2 3.1664031208E+00 -5.0972544215E-01
60 9.9371875000E+00 2 3.1666212371E+00 -5.2007869110E-01
61 9.9378125000E+00 2 3.1668558080E+00 -5.3036209655E-01
62 9.9384375000E+00 2 3.1671067118E+00 -5.4057416613E-01
63 9.9390625000E+00 2 3.1673738178E+00 -5.5071341690E-01
64 9.9396875000E+00 2 3.1676569863E+00 -5.6077837559E-01
65 9.9403125000E+00 2 3.1679560686E+00 -5.7076757889E-01
66 9.9409375000E+00 2 3.1682709074E+00 -5.8067957371E-01
67 9.9415625000E+00 2 3.1686013365E+00 -5.9051291745E-01
68 9.9421875000E+00 2 3.1689471811E+00 -6.0026617828E-01
69 9.9428125000E+00 2 3.1693082576E+00 -6.0993793538E-01
70 9.9434375000E+00 2 3.1696843740E+00 -6.1952677925E-01
71 9.9440625000E+00 2 3.1700753299E+00 -6.2903131194E-01
72 9.9446875000E+00 2 3.1704809165E+00 -6.3845014732E-01
73 9.9453125000E+00 2 3.1709009167E+00 -6.4778191136E-01
74 9.9459375000E+00 2 3.1713351052E+00 -6.5702524237E-01
75 9.9465625000E+00 2 3.1717832487E+00 -6.6617879124E-01
76 9.9471875000E+00 2 3.1722451061E+00 -6.7524122178E-01
77 9.9478125000E+00 2 3.1727204282E+00 -6.8421121085E-01
78 9.9484375000E+00 2 3.1732089583E+00 -6.9308744873E-01
79 9.9490625000E+00 2 3.1737104319E+00 -7.0186863928E-01
80 9.9496875000E+00 2 3.1742245773E+00 -7.1055350027E-01
81 9.9503125000E+00 2 3.1747511154E+00 -7.1914076353E-01
82 9.9509375000E+00 2 3.1752897597E+00 -7.2762917529E-01
83 9.9515625000E+00 2 3.1758402168E+00 -7.3601749635E-01
84 9.9521875000E+00 2 3.1764021865E+00 -7.4430450234E-01
85 9.9528125000E+00 2 3.1769753616E+00 -7.5248898396E-01
86 9.9534375000E+00 2 3.1775594286E+00 -7.6056974721E-01
87 9.9540625000E+00 2 3.1781540674E+00 -7.6854561361E-01
88 9.9546875000E+00 2 3.1787589515E+00 -7.7641542043E-01
89 9.9553125000E+00 2 3.1793737485E+00 -7.8417802091E-01
90 9.9559375000E+00 2 3.1799981199E+00 -7.9183228447E-01
91 9.9565625000E+00 2 3.1806317217E+00 -7.9937709694E-01
92 9.9571875000E+00 2 3.1812742040E+00 -8.0681136075E-01
93 9.9578125000E+00 2 3.1819252118E+00 -8.1413399518E-01
94 9.9584375000E+00 2 3.1825843845E+00 -8.2134393648E-01
95 9.9590625000E+00 2 3.1832513570E+00 -8.2844013817E-01
96 9.9596875000E+00 2 3.1839257589E+00 -8.3542157116E-01
97 9.9603125000E+00 2 3.1846072156E+00 -8.4228722395E-01
98 9.9609375000E+00 2 3.1852953476E+00 -8.4903610286E-01
99 9.9615625000E+00 2 3.1859897717E+00 -8.5566723217E-01
100 9.9621875000E+00 2 3.1866901004E+00 -8.6217965429E-01
101 9.9628125000E+00 2 3.1873959423E+00 -8.6857242999E-01
102 9.9634375000E+00 2 3.1881069028E+00 -8.7484463851E-01
103 9.9640625000E+00 2 3.1888225837E+00 -8.8099537772E-01
104 9.9646875000E+00 2 3.1895425837E+00 -8.8702376433E-01
105 9.9653125000E+00 2 3.1902664985E+00 -8.9292893400E-01
106 9.9659375000E+00 2 3.1909939214E+00 -8.9871004152E-01
107 9.9665625000E+00 2 3.1917244430E+00 -9.0436626091E-01
108 9.9671875000E+00 2 3.1924576517E+00 -9.0989678561E-01
109 9.9678125000E+00 2 3.1931931340E+00 -9.1530082854E-01
110 9.9684375000E+00 2 3.1939304747E+00 -9.2057762234E-01
111 9.9690625000E+00 2 3.1946692570E+00 -9.2572641938E-01
112 9.9696875000E+00 2 3.1954090629E+00 -9.3074649192E-01
113 9.9703125000E+00 2 3.1961494732E+00 -9.3563713225E-01
114 9.9709375000E+00 2 3.1968900682E+00 -9.4039765277E-01
115 9.9715625000E+00 2 3.1976304275E+00 -9.4502738607E-01
116 9.9721875000E+00 2 3.1983701304E+00 -9.4952568505E-01
117 9.9728125000E+00 2 3.1991087562E+00 -9.5389192302E-01
118 9.9734375000E+00 2 3.1998458846E+00 -9.5812549376E-01
119 9.9740625000E+00 2 3.2005810953E+00 -9.6222581170E-01
120 9.9746875000E+00 2 3.2013139692E+00 -9.6619231161E-01
121 9.9753125000E+00 2 3.2020440878E+00 -9.7002444935E-01
122 9.9759375000E+00 2 3.2027710341E+00 -9.7372170127E-01
123 9.9765625000E+00 2 3.2034943923E+00 -9.7728356461E-01
124 9.9771875000E+00 2 3.2042137485E+00 -9.8070955748E-01
125 9.9778125000E+00 2 3.2049286907E+00 -9.8399921890E-01
126 9.9784375000E+00 2 3.2056388090E+00 -9.8715210884E-01
127 9.9790625000E+00 2 3.2063436961E+00 -9.9016780824E-01
128 9.9796875000E+00 2 3.2070429474E+00 -9.9304591905E-01
129 9.9803125000E+00 2 3.2077361613E+00 -9.9578606424E-01
130 9.9809375000E+00 2 3.2084229391E+00 -9.9838788787E-01
131 9.9815625000E+00 2 3.2091028859E+00 -1.0008510550E+00
132 9.9821875000E+00 2 3.2097756104E+00 -1.0031752517E+00
133 9.9828125000E+00 2 3.2104407251E+00 -1.0053601853E+00
134 9.9834375000E+00 2 3.2110978466E+00 -1.0074055840E+00
135 9.9840625000E+00 2 3.2117465963E+00 -1.0093111972E+00
136 9.9846875000E+00 2 3.2123865997E+00 -1.0110767951E+00
137 9.9853125000E+00 2 3.2130174876E+00 -1.0127021691E+00
138 9.9859375000E+00 2 3.2136388957E+00 -1.0141871316E+00
139 9.9865625000E+00 2 3.2142504650E+00 -1.0155315157E+00
140 9.9871875000E+00 2 3.2148518421E+00 -1.0167351757E+00
141 9.9878125000E+00 2 3.2154426792E+00 -1.0177979867E+00
142 9.9884375000E+00 2 3.2160226348E+00 -1.0187198446E+00
143 9.9890625000E+00 2 3.2165913734E+00 -1.0195006660E+00
144 9.9896875000E+00 2 3.2171485657E+00 -1.0201403883E+00
145 9.9903125000E+00 2 3.2176938893E+00 -1.0206389696E+00
146 9.9909375000E+00 2 3.2182270285E+00 -1.0209963884E+00
147 9.9915625000E+00 2 3.2187476745E+00 -1.0212126441E+00
148 9.9921875000E+00 2 3.2192555259E+00 -1.0212877562E+00
149 9.9928125000E+00 2 3.2197502884E+00 -1.0212217647E+00
150 9.9934375000E+00 2 3.2202316753E+00 -1.0210147299E+00
151 9.9940625000E+00 2 3.2206994079E+00 -1.0206667324E+00
152 9.9946875000E+00 2 3.2211532152E+00 -1.0201778727E+00
153 9.9953125000E+00 2 3.2215928341E+00 -1.0195482717E+00
154 9.9959375000E+00 2 3.2220180101E+00 -1.0187780698E+00
155 9.9965625000E+00 2 3.2224284967E+00 -1.0178674276E+00
156 9.9971875000E+00 2 3.2228240563E+00 -1.0168165253E+00
157 9.9978125000E+00 2 3.2232044597E+00 -1.0156255626E+00
158 9.9984375000E+00 2 3.2235694867E+00 -1.0142947591E+00
159 9.9990625000E+00 2 3.2239189259E+00 -1.0128243533E+00
160 9.9996875000E+00 2 3.2242525751E+00 -1.0112146035E+00
